ampl.tab 3 1
BusID	Time	Scenario	Pd
1	1	Winter	86.1114301121329
2	1	Winter	84.1699699275264
3	1	Winter	82.1617218397329
4	1	Winter	81.7021583989505
5	1	Winter	83.2201874968769
6	1	Winter	86.9124289576261
7	1	Winter	94.1892751503676
8	1	Winter	99.840445803327
9	1	Winter	102.525156980115
10	1	Winter	101.815979236058
11	1	Winter	0
12	1	Winter	0
13	1	Winter	99.4105897058403
14	1	Winter	98.872266214706
15	1	Winter	97.466316879103
16	1	Winter	96.7359578361527
17	1	Winter	0
18	1	Winter	96.0398524780831
19	1	Winter	97.7510234373344
20	1	Winter	102.259849048164
21	1	Winter	0
22	1	Winter	0
23	1	Winter	0
24	1	Winter	0
1	2	Winter	107.588653696511
2	2	Winter	108.918204195234
3	2	Winter	107.044070946469
4	2	Winter	103.55536317486
5	2	Winter	101.21207491578
6	2	Winter	97.7169467772182
7	2	Winter	92.8431188424935
8	2	Winter	90.4026844618476
9	2	Winter	85.9150511037347
10	2	Winter	83.1190515960407
11	2	Winter	0
12	2	Winter	0
13	2	Winter	82.4543148667361
14	2	Winter	83.2701335598202
15	2	Winter	86.133906239724
16	2	Winter	90.114096395262
17	2	Winter	0
18	2	Winter	96.5081729418127
19	2	Winter	99.5858869214302
20	2	Winter	95.2691840410208
21	2	Winter	0
22	2	Winter	0
23	2	Winter	0
24	2	Winter	0
1	3	Winter	92.4377044545536
2	3	Winter	93.4090847395417
3	3	Winter	92.8377314245283
4	3	Winter	91.2484163619961
5	3	Winter	93.2006570047051
6	3	Winter	96.2011917318849
7	3	Winter	100.233045485984
8	3	Winter	106.584407884391
9	3	Winter	111.936582043831
10	3	Winter	115.708564710812
11	3	Winter	0
12	3	Winter	0
13	3	Winter	117.359427759492
14	3	Winter	115.218547294326
15	3	Winter	107.970353129138
16	3	Winter	100.513167204728
17	3	Winter	0
18	3	Winter	116.56110709707
19	3	Winter	109.307179837545
20	3	Winter	104.885005753048
21	3	Winter	0
22	3	Winter	0
23	3	Winter	0
24	3	Winter	0
1	4	Winter	102.547234436415
2	4	Winter	102.290592591185
3	4	Winter	104.982999758984
4	4	Winter	110.689551692319
5	4	Winter	121.530401327926
6	4	Winter	133.980394244762
7	4	Winter	139.779644043956
8	4	Winter	137.811704659014
9	4	Winter	139.287263455425
10	4	Winter	139.990717366264
11	4	Winter	0
12	4	Winter	0
13	4	Winter	142.87134161518
14	4	Winter	146.965494895594
15	4	Winter	151.591374034672
16	4	Winter	159.347112530324
17	4	Winter	0
18	4	Winter	161.190680811738
19	4	Winter	159.992532627497
20	4	Winter	157.008590983182
21	4	Winter	0
22	4	Winter	0
23	4	Winter	0
24	4	Winter	0
1	5	Winter	152.240630734843
2	5	Winter	145.309471802496
3	5	Winter	134.008017720769
4	5	Winter	124.787397747173
5	5	Winter	92.9092159281387
6	5	Winter	91.893790691991
7	5	Winter	89.6884814389177
8	5	Winter	88.0965397914512
9	5	Winter	86.5738051227058
10	5	Winter	89.2472876474776
11	5	Winter	0
12	5	Winter	0
13	5	Winter	95.4235083196314
14	5	Winter	103.7674694267
15	5	Winter	112.03299588994
16	5	Winter	113.283568706414
17	5	Winter	0
18	5	Winter	112.470110109123
19	5	Winter	108.824094551318
20	5	Winter	107.481893424232
21	5	Winter	0
22	5	Winter	0
23	5	Winter	0
24	5	Winter	0
1	6	Winter	108.654842454491
2	6	Winter	108.155602761185
3	6	Winter	112.90924458189
4	6	Winter	115.341293004765
5	6	Winter	120.072627186346
6	6	Winter	122.046019122032
7	6	Winter	120.187877399837
8	6	Winter	115.740084637038
9	6	Winter	111.645317619812
10	6	Winter	105.52624452085
11	6	Winter	0
12	6	Winter	0
13	6	Winter	99.3772384883352
14	6	Winter	77.3408214896008
15	6	Winter	75.5971026200932
16	6	Winter	73.7933983190194
17	6	Winter	0
18	6	Winter	73.3806422657241
19	6	Winter	74.7440572888617
20	6	Winter	78.0602371193494
21	6	Winter	0
22	6	Winter	0
23	6	Winter	0
24	6	Winter	0
1	7	Winter	84.5959230517191
2	7	Winter	89.6715115085437
3	7	Winter	92.0827798802881
4	7	Winter	91.4458332027559
5	7	Winter	89.2854370506159
6	7	Winter	88.8019428039489
7	7	Winter	87.539192011787
8	7	Winter	86.8832213898778
9	7	Winter	86.2580156516117
10	7	Winter	87.7949006798281
11	7	Winter	0
12	7	Winter	0
13	7	Winter	91.8444940525174
14	7	Winter	96.6305500792738
15	7	Winter	97.8246833975716
16	7	Winter	96.1414340908097
17	7	Winter	0
18	7	Winter	93.0080576663094
19	7	Winter	90.9034376558394
20	7	Winter	87.7642947906497
21	7	Winter	0
22	7	Winter	0
23	7	Winter	0
24	7	Winter	0
1	8	Winter	83.386875256684
2	8	Winter	81.1950036370298
3	8	Winter	77.1644440468729
4	8	Winter	74.6532222668144
5	8	Winter	74.0561902043834
6	8	Winter	74.7889162528014
7	8	Winter	77.3610083819743
8	8	Winter	80.9358087994483
9	8	Winter	86.6786368088503
10	8	Winter	89.4428799201734
11	8	Winter	0
12	8	Winter	0
13	8	Winter	85.5658412220279
14	8	Winter	83.0227530749231
15	8	Winter	83.8951964790328
16	8	Winter	83.3820365572152
17	8	Winter	0
18	8	Winter	81.954596176978
19	8	Winter	83.7079974949666
20	8	Winter	86.4029222036373
21	8	Winter	0
22	8	Winter	0
23	8	Winter	0
24	8	Winter	0
1	9	Winter	90.0241241864852
2	9	Winter	95.7285885628324
3	9	Winter	100.5356338727
4	9	Winter	103.923433119896
5	9	Winter	105.406152709914
6	9	Winter	103.483324884718
7	9	Winter	96.9733727178368
8	9	Winter	90.275714989432
9	9	Winter	104.689142485331
10	9	Winter	98.1740411503874
11	9	Winter	0
12	9	Winter	0
13	9	Winter	94.2022736856077
14	9	Winter	92.1026087067801
15	9	Winter	91.8721063087498
16	9	Winter	94.2902868205692
17	9	Winter	0
18	9	Winter	99.4156158718046
19	9	Winter	109.152304896378
20	9	Winter	120.334242979092
21	9	Winter	0
22	9	Winter	0
23	9	Winter	0
24	9	Winter	0
1	10	Winter	125.542828446886
2	10	Winter	123.775327332633
3	10	Winter	125.100597733113
4	10	Winter	125.732403560441
5	10	Winter	128.319630895115
6	10	Winter	131.996787082154
7	10	Winter	136.151511864474
8	10	Winter	143.117314031865
9	10	Winter	144.773111469802
10	10	Winter	143.696996896918
11	10	Winter	0
12	10	Winter	0
13	10	Winter	141.016975234895
14	10	Winter	136.734640567406
15	10	Winter	130.509433007797
16	10	Winter	120.359052952912
17	10	Winter	0
18	10	Winter	112.07757019885
19	10	Winter	83.4462402317542
20	10	Winter	82.5342379363252
21	10	Winter	0
22	10	Winter	0
23	10	Winter	0
24	10	Winter	0
1	11	Winter	80.5535435145835
2	11	Winter	79.1237440719516
3	11	Winter	77.7561027490969
4	11	Winter	80.1572861278271
5	11	Winter	85.7044472870763
6	11	Winter	93.19856050361
7	11	Winter	100.622227790039
8	11	Winter	101.745427449279
9	11	Winter	101.014821116527
10	11	Winter	97.740158995165
11	11	Winter	0
12	11	Winter	0
13	11	Winter	96.5346635384303
14	11	Winter	97.5881455378302
15	11	Winter	97.1397543318055
16	11	Winter	101.40922893003
17	11	Winter	0
18	11	Winter	103.593568717242
19	11	Winter	107.8430077507
20	11	Winter	109.615406063307
21	11	Winter	0
22	11	Winter	0
23	11	Winter	0
24	11	Winter	0
1	12	Winter	107.946519516521
2	12	Winter	103.951742683266
3	12	Winter	100.274035269646
4	12	Winter	94.7782010974298
5	12	Winter	89.2554827163751
6	12	Winter	143.519050186888
7	12	Winter	140.283283212544
8	12	Winter	136.936203066221
9	12	Winter	136.170263998251
10	12	Winter	138.700312494795
11	12	Winter	0
12	12	Winter	0
13	12	Winter	144.85404826271
14	12	Winter	156.982125250613
15	12	Winter	166.400743005545
16	12	Winter	170.875261633524
17	12	Winter	0
18	12	Winter	169.693298726763
19	12	Winter	165.684316176401
20	12	Winter	164.787110357843
21	12	Winter	0
22	12	Winter	0
23	12	Winter	0
24	12	Winter	0
1	13	Winter	162.443861465172
2	13	Winter	161.226596393588
3	13	Winter	160.066420796805
4	13	Winter	162.918372395557
5	13	Winter	170.433081746939
6	13	Winter	179.314422827518
7	13	Winter	181.530340325391
8	13	Winter	178.406784910781
9	13	Winter	172.5922719581
10	13	Winter	168.6867915263
11	13	Winter	0
12	13	Winter	0
13	13	Winter	162.86157796203
14	13	Winter	154.738531404156
15	13	Winter	150.671140769746
16	13	Winter	143.191751839558
17	13	Winter	0
18	13	Winter	138.531752660068
19	13	Winter	137.423858111227
20	13	Winter	138.783555933034
21	13	Winter	0
22	13	Winter	0
23	13	Winter	0
24	13	Winter	0
1	14	Winter	143.55651039954
2	14	Winter	150.19016065877
3	14	Winter	160.846954903021
4	14	Winter	165.976478202384
5	14	Winter	158.781973401701
6	14	Winter	154.062840757589
7	14	Winter	155.681807899236
8	14	Winter	154.729552374214
9	14	Winter	152.08069393666
10	14	Winter	155.334428341175
11	14	Winter	0
12	14	Winter	0
13	14	Winter	160.335319553141
14	14	Winter	167.055075809972
15	14	Winter	177.640679807318
16	14	Winter	186.560970073051
17	14	Winter	0
18	14	Winter	192.847607851354
19	14	Winter	195.599046265821
20	14	Winter	192.030912157209
21	14	Winter	0
22	14	Winter	0
23	14	Winter	0
24	14	Winter	0
1	15	Winter	179.950588548563
2	15	Winter	167.521945341214
3	15	Winter	194.26851182845
4	15	Winter	182.178633062574
5	15	Winter	174.808342921746
6	15	Winter	170.912057394025
7	15	Winter	170.484320985309
8	15	Winter	174.971666264974
9	15	Winter	184.482586153864
10	15	Winter	202.550668879876
11	15	Winter	0
12	15	Winter	0
13	15	Winter	223.300657074603
14	15	Winter	232.966073406593
15	15	Winter	229.68617443169
16	15	Winter	232.145439092375
17	15	Winter	0
18	15	Winter	233.317862277107
19	15	Winter	238.118902691966
20	15	Winter	244.942491492657
21	15	Winter	0
22	15	Winter	0
23	15	Winter	0
24	15	Winter	0
1	16	Winter	252.652290057787
2	16	Winter	265.578520883873
3	16	Winter	268.65113468623
4	16	Winter	266.654221045828
5	16	Winter	261.68098497197
6	16	Winter	253.734384558072
7	16	Winter	242.182453004159
8	16	Winter	223.346696201281
9	16	Winter	207.978996245288
10	16	Winter	154.848693213564
11	16	Winter	0
12	16	Winter	0
13	16	Winter	153.156317819985
14	16	Winter	149.480802398196
15	16	Winter	146.827566319085
16	16	Winter	144.28967520451
17	16	Winter	0
18	16	Winter	148.745479412463
19	16	Winter	159.039180532719
20	16	Winter	172.945782377833
21	16	Winter	0
22	16	Winter	0
23	16	Winter	0
24	16	Winter	0
1	17	Winter	186.721659816566
2	17	Winter	188.805947844024
3	17	Winter	187.450183515205
4	17	Winter	181.373490918863
5	17	Winter	179.136489040386
6	17	Winter	181.091404090819
7	17	Winter	180.259337935309
8	17	Winter	188.182074303149
9	17	Winter	192.235488341274
10	17	Winter	200.121045310577
11	17	Winter	0
12	17	Winter	0
13	17	Winter	203.410031870053
14	17	Winter	200.313128999729
15	17	Winter	192.90014106173
16	17	Winter	186.075529366353
17	17	Winter	0
18	17	Winter	175.877074201416
19	17	Winter	165.628730813892
20	17	Winter	59.0022761879429
21	17	Winter	0
22	17	Winter	0
23	17	Winter	0
24	17	Winter	0
1	18	Winter	57.6720164318237
2	18	Winter	56.2959945938911
3	18	Winter	55.9811085326142
4	18	Winter	57.0212395811934
5	18	Winter	59.5511087302253
6	18	Winter	64.537095936363
7	18	Winter	68.409194346724
8	18	Winter	70.24871867156
9	18	Winter	69.7628005876694
10	18	Winter	68.1146633169647
11	18	Winter	0
12	18	Winter	0
13	18	Winter	67.7458120360023
14	18	Winter	66.7824763801261
15	18	Winter	66.2820451840305
16	18	Winter	65.8050841053533
17	18	Winter	0
18	18	Winter	66.9775530959514
19	18	Winter	70.0669336070751
20	18	Winter	73.7181516068687
21	18	Winter	0
22	18	Winter	0
23	18	Winter	0
24	18	Winter	0
1	19	Winter	74.6291399115494
2	19	Winter	73.3450115744322
3	19	Winter	70.9546006938855
4	19	Winter	69.3490142941455
5	19	Winter	66.9542042732791
6	19	Winter	63.6147295772641
7	19	Winter	61.9425800942289
8	19	Winter	58.8677202007071
9	19	Winter	56.9519427602501
10	19	Winter	56.4964750012822
11	19	Winter	0
12	19	Winter	0
13	19	Winter	57.0554618835805
14	19	Winter	59.0176764975887
15	19	Winter	61.7448438263832
16	19	Winter	66.1259703490198
17	19	Winter	0
18	19	Winter	68.234774372091
19	19	Winter	65.2770335095883
20	19	Winter	63.3369456447867
21	19	Winter	0
22	19	Winter	0
23	19	Winter	0
24	19	Winter	0
1	20	Winter	64.0025210252415
2	20	Winter	63.6110381982879
3	20	Winter	62.5220630628492
4	20	Winter	63.8597094291498
5	20	Winter	65.915631371847
6	20	Winter	68.6781978329887
7	20	Winter	73.0300572541196
8	20	Winter	76.6972876966988
9	20	Winter	79.28179433889
10	20	Winter	80.4129412426152
11	20	Winter	0
12	20	Winter	0
13	20	Winter	78.9460416646304
14	20	Winter	73.9796864032982
15	20	Winter	68.8701330847213
16	20	Winter	79.865943751696
17	20	Winter	0
18	20	Winter	74.8956602590584
19	20	Winter	71.8656520900513
20	20	Winter	70.2638458175436
21	20	Winter	0
22	20	Winter	0
23	20	Winter	0
24	20	Winter	0
1	21	Winter	70.0879986272937
2	21	Winter	71.9327961311559
3	21	Winter	75.8428409743664
4	21	Winter	83.2708305395047
5	21	Winter	91.8013812417813
6	21	Winter	95.7749412893771
7	21	Winter	94.4265383774724
8	21	Winter	95.4375694046429
9	21	Winter	95.9195656028107
10	21	Winter	97.8933266622528
11	21	Winter	0
12	21	Winter	0
13	21	Winter	100.69857983587
14	21	Winter	103.868163690424
15	21	Winter	109.182280807815
16	21	Winter	110.445466482117
17	21	Winter	0
18	21	Winter	109.624513096618
19	21	Winter	107.579960488476
20	21	Winter	104.313024762763
21	21	Winter	0
22	21	Winter	0
23	21	Winter	0
24	21	Winter	0
1	22	Winter	99.5638973461543
2	22	Winter	91.8203084383044
3	22	Winter	85.5024762341741
4	22	Winter	63.660018321132
5	22	Winter	62.9642639926605
6	22	Winter	61.4532187637029
7	22	Winter	60.3624439311795
8	22	Winter	59.3190886951873
9	22	Winter	61.1509193140124
10	22	Winter	65.3827742190067
11	22	Winter	0
12	22	Winter	0
13	22	Winter	71.0999327553313
14	22	Winter	76.7633490356995
15	22	Winter	77.620223002543
16	22	Winter	77.0628532229174
17	22	Winter	0
18	22	Winter	74.5646573777547
19	22	Winter	73.6450010499365
20	22	Winter	74.4486883484478
21	22	Winter	0
22	22	Winter	0
23	22	Winter	0
24	22	Winter	0
1	23	Winter	74.1066167067382
2	23	Winter	77.3637416579614
3	23	Winter	79.0301452069683
4	23	Winter	82.2719852943483
5	23	Winter	83.6241242132442
6	23	Winter	82.3509530332218
7	23	Winter	79.303391325378
8	23	Winter	76.4977176283895
9	23	Winter	72.3050193939155
10	23	Winter	68.0918115568222
11	23	Winter	0
12	23	Winter	0
13	23	Winter	56.6102920181614
14	23	Winter	55.3339617116146
15	23	Winter	54.0137245427874
16	23	Winter	53.7116041326434
17	23	Winter	0
18	23	Winter	54.7095677062802
19	23	Winter	57.1368745925135
20	23	Winter	61.9207271821861
21	23	Winter	0
22	23	Winter	0
23	23	Winter	0
24	23	Winter	0
1	24	Winter	65.635848629965
2	24	Winter	67.4007976443346
3	24	Winter	66.9345789422234
4	24	Winter	65.353258047358
5	24	Winter	64.9993601967049
6	24	Winter	64.0750786890399
7	24	Winter	63.5949352441374
8	24	Winter	63.1373104254065
9	24	Winter	64.2622468893587
10	24	Winter	67.2263822446261
11	24	Winter	0
12	24	Winter	0
13	24	Winter	70.7295778930767
14	24	Winter	71.6036342394596
15	24	Winter	70.3715651592525
16	24	Winter	68.0780628279172
17	24	Winter	0
18	24	Winter	66.5375677687072
19	24	Winter	64.2398446405786
20	24	Winter	61.0357540538615
21	24	Winter	0
22	24	Winter	0
23	24	Winter	0
24	24	Winter	0
1	1	Spring	59.4313944147331
2	1	Spring	56.4811910033812
3	1	Spring	54.6430802159157
4	1	Spring	54.2060773660951
5	1	Spring	54.7424026180299
6	1	Spring	56.6250679909297
7	1	Spring	59.2416744820704
8	1	Spring	63.4451877673028
9	1	Spring	65.4684997353847
10	1	Spring	62.6306672862266
11	1	Spring	0
12	1	Spring	0
13	1	Spring	60.7692316321602
14	1	Spring	61.4078242269209
15	1	Spring	61.0322123253843
16	1	Spring	59.9873848305715
17	1	Spring	0
18	1	Spring	61.2708022901302
19	1	Spring	63.2433760459614
20	1	Spring	65.8939465694892
21	1	Spring	0
22	1	Spring	0
23	1	Spring	0
24	1	Spring	0
1	2	Spring	70.0693792573309
2	2	Spring	73.5879381954813
3	2	Spring	76.0676675413674
4	2	Spring	77.1529571381848
5	2	Spring	75.7455264620103
6	2	Spring	70.9805099274888
7	2	Spring	66.0781006623678
8	2	Spring	76.6281352212218
9	2	Spring	71.8593497080155
10	2	Spring	68.9521797080222
11	2	Spring	0
12	2	Spring	0
13	2	Spring	67.4153115276431
14	2	Spring	67.2465932775385
15	2	Spring	69.0166016934063
16	2	Spring	72.7681312051353
17	2	Spring	0
18	2	Spring	79.8949860581735
19	2	Spring	88.0797036238712
20	2	Spring	91.8921733992672
21	2	Spring	0
22	2	Spring	0
23	2	Spring	0
24	2	Spring	0
1	3	Spring	90.5984354702775
2	3	Spring	91.5684787531033
3	3	Spring	92.0309345648589
4	3	Spring	93.9246782840534
5	3	Spring	96.6162049776593
6	3	Spring	99.6572921894604
7	3	Spring	104.755972126417
8	3	Spring	105.96794757068
9	3	Spring	105.180276079188
10	3	Spring	103.218610738944
11	3	Spring	0
12	3	Spring	0
13	3	Spring	100.084118353462
14	3	Spring	95.5275231294184
15	3	Spring	88.0978635016164
16	3	Spring	82.036159630086
17	3	Spring	0
18	3	Spring	61.0792067675726
19	3	Spring	60.4116586956607
20	3	Spring	58.9618720570663
21	3	Spring	0
22	3	Spring	0
23	3	Spring	0
24	3	Spring	0
1	4	Spring	57.9153178258615
2	4	Spring	56.9142607751122
3	4	Spring	58.6718279904714
4	4	Spring	62.732121210128
5	4	Spring	68.2175030490341
6	4	Spring	73.6513213720901
7	4	Spring	74.4734572051426
8	4	Spring	73.938683497664
9	4	Spring	71.5417658624404
10	4	Spring	70.6593928992634
11	4	Spring	0
12	4	Spring	0
13	4	Spring	71.4304982802675
14	4	Spring	71.1022944078164
15	4	Spring	74.2273737529089
16	4	Spring	75.8262204012804
17	4	Spring	0
18	4	Spring	78.936634539172
19	4	Spring	80.23395701541
20	4	Spring	79.0124008832264
21	4	Spring	0
22	4	Spring	0
23	4	Spring	0
24	4	Spring	0
1	5	Spring	76.0883889743492
2	5	Spring	73.3964588056169
3	5	Spring	69.3737348238919
4	5	Spring	65.331332709924
5	5	Spring	108.43661569676
6	5	Spring	105.991813982811
7	5	Spring	103.462908983367
8	5	Spring	102.884199465345
9	5	Spring	104.795791662734
10	5	Spring	109.445280909603
11	5	Spring	0
12	5	Spring	0
13	5	Spring	118.608716856018
14	5	Spring	125.725005826412
15	5	Spring	129.105753234218
16	5	Spring	128.212714593555
17	5	Spring	0
18	5	Spring	125.183705555503
19	5	Spring	124.505816714815
20	5	Spring	122.735361995907
21	5	Spring	0
22	5	Spring	0
23	5	Spring	0
24	5	Spring	0
1	6	Spring	121.815650608489
2	6	Spring	120.93907349092
3	6	Spring	123.093881365532
4	6	Spring	128.771661764354
5	6	Spring	135.482008358569
6	6	Spring	137.15625713474
7	6	Spring	134.796237488146
8	6	Spring	130.403049923898
9	6	Spring	127.452242486538
10	6	Spring	123.050970015756
11	6	Spring	0
12	6	Spring	0
13	6	Spring	116.913557060918
14	6	Spring	113.840417470475
15	6	Spring	108.18932361211
16	6	Spring	104.668435343162
17	6	Spring	0
18	6	Spring	103.831359461816
19	6	Spring	104.858686704959
20	6	Spring	108.464918968541
21	6	Spring	0
22	6	Spring	0
23	6	Spring	0
24	6	Spring	0
1	7	Spring	113.477010275515
2	7	Spring	121.528810371172
3	7	Spring	125.404450197357
4	7	Spring	119.96860212573
5	7	Spring	116.403035239068
6	7	Spring	117.626254857201
7	7	Spring	116.906772904962
8	7	Spring	114.905413196588
9	7	Spring	117.363790302221
10	7	Spring	121.142241440151
11	7	Spring	0
12	7	Spring	0
13	7	Spring	126.219390611979
14	7	Spring	134.217402521085
15	7	Spring	140.957177388528
16	7	Spring	145.70708148769
17	7	Spring	0
18	7	Spring	147.785946067509
19	7	Spring	145.09002251878
20	7	Spring	135.962666903359
21	7	Spring	0
22	7	Spring	0
23	7	Spring	0
24	7	Spring	0
1	8	Spring	126.572136480028
2	8	Spring	146.780653381495
3	8	Spring	137.646078313945
4	8	Spring	132.077414651986
5	8	Spring	129.133554475485
6	8	Spring	128.810375855567
7	8	Spring	132.200814511313
8	8	Spring	139.386842871809
9	8	Spring	153.038283153684
10	8	Spring	168.716052011922
11	8	Spring	0
12	8	Spring	0
13	8	Spring	176.018811018315
14	8	Spring	173.540665126165
15	8	Spring	175.398776203127
16	8	Spring	176.284607053814
17	8	Spring	0
18	8	Spring	179.912059811708
19	8	Spring	185.067660238897
20	8	Spring	190.892841376995
21	8	Spring	0
22	8	Spring	0
23	8	Spring	0
24	8	Spring	0
1	9	Spring	200.659326890038
2	9	Spring	202.980857318485
3	9	Spring	201.472078123514
4	9	Spring	197.714521978822
5	9	Spring	191.710423888321
6	9	Spring	182.982297825365
7	9	Spring	168.750837129857
8	9	Spring	157.139686051996
9	9	Spring	116.996790428026
10	9	Spring	115.718106797322
11	9	Spring	0
12	9	Spring	0
13	9	Spring	112.941050700859
14	9	Spring	110.936383441087
15	9	Spring	109.018865710074
16	9	Spring	112.385473333861
17	9	Spring	0
18	9	Spring	120.162936402499
19	9	Spring	130.670146685474
20	9	Spring	141.078587416961
21	9	Spring	0
22	9	Spring	0
23	9	Spring	0
24	9	Spring	0
1	10	Spring	142.653382815484
2	10	Spring	141.629027544821
3	10	Spring	137.037748694252
4	10	Spring	135.347569497181
5	10	Spring	136.824616424174
6	10	Spring	136.195944217789
7	10	Spring	142.182011695713
8	10	Spring	145.244591191185
9	10	Spring	151.202567567991
10	10	Spring	153.687579635151
11	10	Spring	0
12	10	Spring	0
13	10	Spring	151.347697466462
14	10	Spring	145.746773246641
15	10	Spring	140.590399965689
16	10	Spring	132.884900507737
17	10	Spring	0
18	10	Spring	125.141707726052
19	10	Spring	99.6660070742279
20	10	Spring	97.4189466753778
21	10	Spring	0
22	10	Spring	0
23	10	Spring	0
24	10	Spring	0
1	11	Spring	95.0945854626538
2	11	Spring	94.5626833321187
3	11	Spring	96.3196614547187
4	11	Spring	100.593089071327
5	11	Spring	109.01536475737
6	11	Spring	115.556071531628
7	11	Spring	118.663376134392
8	11	Spring	117.842568560252
9	11	Spring	115.058552900278
10	11	Spring	114.435493304058
11	11	Spring	0
12	11	Spring	0
13	11	Spring	112.808237128591
14	11	Spring	111.962914162214
15	11	Spring	111.157236664448
16	11	Spring	113.137758608026
17	11	Spring	0
18	11	Spring	118.356306768708
19	11	Spring	124.523904741332
20	11	Spring	126.062736337077
21	11	Spring	0
22	11	Spring	0
23	11	Spring	0
24	11	Spring	0
1	12	Spring	123.893600632487
2	12	Spring	119.855744415347
3	12	Spring	117.143605226597
4	12	Spring	113.098318029188
5	12	Spring	107.457313475108
6	12	Spring	104.632736645657
7	12	Spring	99.4387165552485
8	12	Spring	96.2026060139361
9	12	Spring	95.4332347994631
10	12	Spring	96.37746939794
11	12	Spring	0
12	12	Spring	0
13	12	Spring	99.6920211107917
14	12	Spring	104.298722679701
15	12	Spring	111.699274238209
16	12	Spring	115.2614431961
17	12	Spring	0
18	12	Spring	110.265259306737
19	12	Spring	106.988083859437
20	12	Spring	108.112366596692
21	12	Spring	0
22	12	Spring	0
23	12	Spring	0
24	12	Spring	0
1	13	Spring	107.451078037648
2	13	Spring	105.61159301157
3	13	Spring	107.871130792483
4	13	Spring	111.343971911904
5	13	Spring	116.010469312481
6	13	Spring	123.361583199526
7	13	Spring	129.556229217397
8	13	Spring	133.921949896774
9	13	Spring	135.832671017931
10	13	Spring	133.354800109173
11	13	Spring	0
12	13	Spring	0
13	13	Spring	124.965686492058
14	13	Spring	116.334684264732
15	13	Spring	134.908688769757
16	13	Spring	126.512939626788
17	13	Spring	0
18	13	Spring	121.394682584546
19	13	Spring	118.688928745851
20	13	Spring	118.391889573131
21	13	Spring	0
22	13	Spring	0
23	13	Spring	0
24	13	Spring	0
1	14	Spring	121.508101572898
2	14	Spring	128.112907051295
3	14	Spring	140.660186722136
4	14	Spring	155.069900746252
5	14	Spring	161.781995421245
6	14	Spring	159.504287799784
7	14	Spring	161.212110480816
8	14	Spring	162.026293247991
9	14	Spring	165.360349091643
10	14	Spring	170.098952425456
11	14	Spring	0
12	14	Spring	0
13	14	Spring	175.452979206796
14	14	Spring	184.429528391579
15	14	Spring	186.563287976549
16	14	Spring	185.176542392936
17	14	Spring	0
18	14	Spring	181.722906230535
19	14	Spring	176.204433720883
20	14	Spring	168.182259030666
21	14	Spring	0
22	14	Spring	0
23	14	Spring	0
24	14	Spring	0
1	15	Spring	155.101872362001
2	15	Spring	144.429858503673
3	15	Spring	107.533814731642
4	15	Spring	106.358554041656
5	15	Spring	103.806112776525
6	15	Spring	101.963587721587
7	15	Spring	100.201163336465
8	15	Spring	103.29547181421
9	15	Spring	110.443875369944
10	15	Spring	120.101237762384
11	15	Spring	0
12	15	Spring	0
13	15	Spring	129.66781931706
14	15	Spring	131.11524155835
15	15	Spring	130.173738552225
16	15	Spring	125.953813138099
17	15	Spring	0
18	15	Spring	124.400339611379
19	15	Spring	125.757919507513
20	15	Spring	125.180095788409
21	15	Spring	0
22	15	Spring	0
23	15	Spring	0
24	15	Spring	0
1	16	Spring	130.681996043854
2	16	Spring	133.496866903663
3	16	Spring	138.972948132345
4	16	Spring	141.256966576426
5	16	Spring	139.106339583145
6	16	Spring	133.958431292868
7	16	Spring	129.219117615523
8	16	Spring	122.136857084317
9	16	Spring	115.019951954092
10	16	Spring	136.343097677544
11	16	Spring	0
12	16	Spring	0
13	16	Spring	133.269119051917
14	16	Spring	130.08939291291
15	16	Spring	129.361750798338
16	16	Spring	131.765296870055
17	16	Spring	0
18	16	Spring	137.611345849575
19	16	Spring	149.133018988082
20	16	Spring	158.080705855268
21	16	Spring	0
22	16	Spring	0
23	16	Spring	0
24	16	Spring	0
1	17	Spring	162.331498551848
2	17	Spring	161.208633790425
3	17	Spring	157.400100367581
4	17	Spring	156.547754839951
5	17	Spring	154.321668391913
6	17	Spring	153.165266573908
7	17	Spring	152.063099756965
8	17	Spring	154.772453775779
9	17	Spring	161.911427659593
10	17	Spring	170.348701686142
11	17	Spring	0
12	17	Spring	0
13	17	Spring	172.453823309121
14	17	Spring	169.486445665242
15	17	Spring	163.962658360195
16	17	Spring	160.252451949985
17	17	Spring	0
18	17	Spring	154.718499063929
19	17	Spring	147.001604833948
20	17	Spring	143.137583731259
21	17	Spring	0
22	17	Spring	0
23	17	Spring	0
24	17	Spring	0
1	18	Spring	136.03216424758
2	18	Spring	131.605165027065
3	18	Spring	130.552665205666
4	18	Spring	131.844378136382
5	18	Spring	136.378684879563
6	18	Spring	142.680652625832
7	18	Spring	152.80460715787
8	18	Spring	157.677654292264
9	18	Spring	150.842874731616
10	18	Spring	146.35969871971
11	18	Spring	0
12	18	Spring	0
13	18	Spring	147.897717504274
14	18	Spring	146.993074755503
15	18	Spring	144.476659239827
16	18	Spring	147.567706924116
17	18	Spring	0
18	18	Spring	152.318553575484
19	18	Spring	158.702322019474
20	18	Spring	168.758645816952
21	18	Spring	0
22	18	Spring	0
23	18	Spring	0
24	18	Spring	0
1	19	Spring	177.232921569399
2	19	Spring	183.205227458786
3	19	Spring	185.81909395253
4	19	Spring	182.429366549349
5	19	Spring	170.953059121135
6	19	Spring	159.145848074153
7	19	Spring	184.555086237027
8	19	Spring	173.069701409446
9	19	Spring	166.067925775659
10	19	Spring	162.366454524324
11	19	Spring	0
12	19	Spring	0
13	19	Spring	161.960104936044
14	19	Spring	166.223082951725
15	19	Spring	175.258456846171
16	19	Spring	192.423135435883
17	19	Spring	0
18	19	Spring	212.135624220873
19	19	Spring	221.317769736263
20	19	Spring	218.201865710105
21	19	Spring	0
22	19	Spring	0
23	19	Spring	0
24	19	Spring	0
1	20	Spring	220.538167137756
2	20	Spring	221.651969163252
3	20	Spring	226.212957557368
4	20	Spring	232.695366918024
5	20	Spring	240.019675554898
6	20	Spring	252.29959483968
7	20	Spring	255.218577951918
8	20	Spring	253.321509993537
9	20	Spring	248.596935723371
10	20	Spring	241.047665330169
11	20	Spring	0
12	20	Spring	0
13	20	Spring	230.073330353951
14	20	Spring	212.179361391217
15	20	Spring	197.580046433024
16	20	Spring	147.106258552886
17	20	Spring	0
18	20	Spring	145.498501928986
19	20	Spring	142.006762278286
20	20	Spring	139.486188003131
21	20	Spring	0
22	20	Spring	0
23	20	Spring	0
24	20	Spring	0
1	21	Spring	137.075191444284
2	21	Spring	141.30820544184
3	21	Spring	151.087221506083
4	21	Spring	164.298493258941
5	21	Spring	177.385576825738
6	21	Spring	179.365650451822
7	21	Spring	178.077674339444
8	21	Spring	172.30481637292
9	21	Spring	170.179664588367
10	21	Spring	172.036833886278
11	21	Spring	0
12	21	Spring	0
13	21	Spring	171.246371038544
14	21	Spring	178.772970587992
15	21	Spring	182.623713924211
16	21	Spring	190.114993045048
17	21	Spring	0
18	21	Spring	193.239530276551
19	21	Spring	190.297472549742
20	21	Spring	183.255134008644
21	21	Spring	0
22	21	Spring	0
23	21	Spring	0
24	21	Spring	0
1	22	Spring	176.771752898035
2	22	Spring	167.083220491345
3	22	Spring	157.347294273197
4	22	Spring	139.532409903919
5	22	Spring	136.386525345529
6	22	Spring	133.132419647715
7	22	Spring	132.387756664966
8	22	Spring	134.847526036606
9	22	Spring	140.830324699857
10	22	Spring	152.621510660318
11	22	Spring	0
12	22	Spring	0
13	22	Spring	161.77850014428
14	22	Spring	166.128726588149
15	22	Spring	164.979595984353
16	22	Spring	161.081974060389
17	22	Spring	0
18	22	Spring	160.209690625681
19	22	Spring	157.931531980028
20	22	Spring	156.748079827099
21	22	Spring	0
22	22	Spring	0
23	22	Spring	0
24	22	Spring	0
1	23	Spring	155.620131330227
2	23	Spring	158.392862051236
3	23	Spring	165.698829476191
4	23	Spring	174.333466637865
5	23	Spring	176.487830871907
6	23	Spring	173.451040885481
7	23	Spring	167.798042181486
8	23	Spring	164.001047317236
9	23	Spring	158.337645240863
10	23	Spring	150.440238865151
11	23	Spring	0
12	23	Spring	0
13	23	Spring	146.48583130392
14	23	Spring	139.214203177348
15	23	Spring	134.68364841951
16	23	Spring	133.606528719248
17	23	Spring	0
18	23	Spring	134.928457157116
19	23	Spring	139.568829555108
20	23	Spring	146.018211751582
21	23	Spring	0
22	23	Spring	0
23	23	Spring	0
24	23	Spring	0
1	24	Spring	156.378983933493
2	24	Spring	161.36602047454
3	24	Spring	154.371363029432
4	24	Spring	149.783317403212
5	24	Spring	151.357313235368
6	24	Spring	150.431509252708
7	24	Spring	147.856230216197
8	24	Spring	151.019583109476
9	24	Spring	155.881560676665
10	24	Spring	162.414657037473
11	24	Spring	0
12	24	Spring	0
13	24	Spring	172.706216479337
14	24	Spring	181.378720904355
15	24	Spring	187.490729855483
16	24	Spring	190.165739425103
17	24	Spring	0
18	24	Spring	186.696720152842
19	24	Spring	174.951961088881
20	24	Spring	162.868557970625
21	24	Spring	0
22	24	Spring	0
23	24	Spring	0
24	24	Spring	0
1	1	Summer	188.872164277659
2	1	Summer	177.118115477503
3	1	Summer	169.952555618364
4	1	Summer	166.164500244191
5	1	Summer	165.748645402384
6	1	Summer	170.111342202058
7	1	Summer	179.358069871812
8	1	Summer	196.924261410991
9	1	Summer	217.097861044753
10	1	Summer	226.494793589743
11	1	Summer	0
12	1	Summer	0
13	1	Summer	223.306002919698
14	1	Summer	225.696954673142
15	1	Summer	226.836810547188
16	1	Summer	231.504488728301
17	1	Summer	0
18	1	Summer	238.138533395639
19	1	Summer	245.634170889515
20	1	Summer	258.20133974821
21	1	Summer	0
22	1	Summer	0
23	1	Summer	0
24	1	Summer	0
1	2	Summer	261.188603167168
2	2	Summer	259.247159350111
3	2	Summer	254.412068722748
4	2	Summer	246.686207209237
5	2	Summer	235.455162642933
6	2	Summer	217.142621306801
7	2	Summer	202.201801905142
8	2	Summer	150.547340624299
9	2	Summer	148.901975658319
10	2	Summer	145.328557887135
11	2	Summer	0
12	2	Summer	0
13	2	Summer	142.749022810222
14	2	Summer	140.281628671051
15	2	Summer	144.613660539894
16	2	Summer	154.621425517921
17	2	Summer	0
18	2	Summer	168.141732867338
19	2	Summer	181.534947043884
20	2	Summer	183.56133818169
21	2	Summer	0
22	2	Summer	0
23	2	Summer	0
24	2	Summer	0
1	3	Summer	182.243233973116
2	3	Summer	176.335338393339
3	3	Summer	174.160475455931
4	3	Summer	176.061087310518
5	3	Summer	175.252134103773
6	3	Summer	182.954794461395
7	3	Summer	186.895613665128
8	3	Summer	194.562127385283
9	3	Summer	197.759753206996
10	3	Summer	194.748875416403
11	3	Summer	0
12	3	Summer	0
13	3	Summer	187.541803810016
14	3	Summer	180.906764661732
15	3	Summer	170.991599918043
16	3	Summer	161.027932735728
17	3	Summer	0
18	3	Summer	155.478971035795
19	3	Summer	151.973556813589
20	3	Summer	148.34755332174
21	3	Summer	0
22	3	Summer	0
23	3	Summer	0
24	3	Summer	0
1	4	Summer	147.517785998105
2	4	Summer	150.258671869361
3	4	Summer	156.925218951269
4	4	Summer	170.063969021497
5	4	Summer	180.26747158934
6	4	Summer	185.114866769651
7	4	Summer	183.834406953994
8	4	Summer	179.491342524434
9	4	Summer	178.51936955433
10	4	Summer	175.980849920603
11	4	Summer	0
12	4	Summer	0
13	4	Summer	174.662146093053
14	4	Summer	173.405289196539
15	4	Summer	176.494903428521
16	4	Summer	184.635838559184
17	4	Summer	0
18	4	Summer	194.257291396478
19	4	Summer	196.65786868584
20	4	Summer	193.274016986679
21	4	Summer	0
22	4	Summer	0
23	4	Summer	0
24	4	Summer	0
1	5	Summer	186.974961287942
2	5	Summer	182.744024153492
3	5	Summer	176.433376125533
4	5	Summer	167.633409021169
5	5	Summer	163.227069167225
6	5	Summer	155.124397826188
7	5	Summer	150.07606538174
8	5	Summer	148.875846287162
9	5	Summer	150.348852260786
10	5	Summer	155.519552932835
11	5	Summer	0
12	5	Summer	0
13	5	Summer	162.706007380334
14	5	Summer	174.250867811606
15	5	Summer	179.807851385916
16	5	Summer	172.01380451851
17	5	Summer	0
18	5	Summer	166.901410820722
19	5	Summer	168.655291890839
20	5	Summer	167.623681738732
21	5	Summer	0
22	5	Summer	0
23	5	Summer	0
24	5	Summer	0
1	6	Summer	164.754085098049
2	6	Summer	168.278964036273
3	6	Summer	173.69659618257
4	6	Summer	180.97633212747
5	6	Summer	192.444069791261
6	6	Summer	202.107717579139
7	6	Summer	208.918241838967
8	6	Summer	211.898966787972
9	6	Summer	208.03348817031
10	6	Summer	194.94647092761
11	6	Summer	0
12	6	Summer	0
13	6	Summer	181.482107452982
14	6	Summer	210.457554480821
15	6	Summer	197.360185817789
16	6	Summer	189.375704831892
17	6	Summer	0
18	6	Summer	185.154728843527
19	6	Summer	184.691347734085
20	6	Summer	189.552638453722
21	6	Summer	0
22	6	Summer	0
23	6	Summer	0
24	6	Summer	0
1	7	Summer	199.85613500002
2	7	Summer	219.429891286533
3	7	Summer	241.909045164153
4	7	Summer	252.379912857142
5	7	Summer	248.826688967664
6	7	Summer	251.490892350072
7	7	Summer	252.761017466866
8	7	Summer	257.962144582964
9	7	Summer	265.354365783712
10	7	Summer	273.706647562602
11	7	Summer	0
12	7	Summer	0
13	7	Summer	287.710064290863
14	7	Summer	291.038729243416
15	7	Summer	288.87540613298
16	7	Summer	283.487733719634
17	7	Summer	0
18	7	Summer	274.878916604578
19	7	Summer	262.364324087839
20	7	Summer	241.958920884721
21	7	Summer	0
22	7	Summer	0
23	7	Summer	0
24	7	Summer	0
1	8	Summer	225.310579265729
2	8	Summer	167.752750981361
3	8	Summer	165.919344304984
4	8	Summer	161.937535931379
5	8	Summer	159.063196845676
6	8	Summer	156.313814804886
7	8	Summer	161.140936030168
8	8	Summer	172.292445577112
9	8	Summer	187.357930909319
10	8	Summer	202.281798134614
11	8	Summer	0
12	8	Summer	0
13	8	Summer	204.539776831026
14	8	Summer	203.071032141472
15	8	Summer	196.487948495435
16	8	Summer	194.064529793752
17	8	Summer	0
18	8	Summer	196.182354431721
19	8	Summer	195.280949429918
20	8	Summer	203.863913828412
21	8	Summer	0
22	8	Summer	0
23	8	Summer	0
24	8	Summer	0
1	9	Summer	208.255112369714
2	9	Summer	216.797799086458
3	9	Summer	220.360867859225
4	9	Summer	217.005889749706
5	9	Summer	208.975152816874
6	9	Summer	201.581823480216
7	9	Summer	190.533497051534
8	9	Summer	179.431125048383
9	9	Summer	211.291934997363
10	9	Summer	206.528166951801
11	9	Summer	0
12	9	Summer	0
13	9	Summer	201.600521180826
14	9	Summer	200.472888664092
15	9	Summer	204.197682284004
16	9	Summer	213.257348831212
17	9	Summer	0
18	9	Summer	231.112573285624
19	9	Summer	244.978871647052
20	9	Summer	251.566357404911
21	9	Summer	0
22	9	Summer	0
23	9	Summer	0
24	9	Summer	0
1	10	Summer	249.826245347735
2	10	Summer	243.92413214859
3	10	Summer	242.603245804603
4	10	Summer	239.153462712614
5	10	Summer	237.361378023893
6	10	Summer	235.65334172863
7	10	Summer	239.852048249015
8	10	Summer	250.915370349661
9	10	Summer	263.990678051624
10	10	Summer	267.253001034603
11	10	Summer	0
12	10	Summer	0
13	10	Summer	262.654433340872
14	10	Summer	254.094178160536
15	10	Summer	248.344443080386
16	10	Summer	239.768434221878
17	10	Summer	0
18	10	Summer	227.809504567229
19	10	Summer	221.821401688793
20	10	Summer	210.810079097127
21	10	Summer	0
22	10	Summer	0
23	10	Summer	0
24	10	Summer	0
1	11	Summer	203.949524749544
2	11	Summer	202.318457774862
3	11	Summer	204.320235123633
4	11	Summer	211.347084754878
5	11	Summer	221.113292080967
6	11	Summer	236.802461385003
7	11	Summer	244.354259575731
8	11	Summer	233.762349730282
9	11	Summer	226.814737782007
10	11	Summer	229.198217184986
11	11	Summer	0
12	11	Summer	0
13	11	Summer	227.796285439815
14	11	Summer	223.896577184528
15	11	Summer	228.686797280063
16	11	Summer	236.049220453236
17	11	Summer	0
18	11	Summer	245.94219494246
19	11	Summer	261.526556382996
20	11	Summer	274.659205940881
21	11	Summer	0
22	11	Summer	0
23	11	Summer	0
24	11	Summer	0
1	12	Summer	283.91453378116
2	12	Summer	287.965262558014
3	12	Summer	282.712176231447
4	12	Summer	264.927255363162
5	12	Summer	246.629530641232
6	12	Summer	286.006420191884
7	12	Summer	268.20743200879
8	12	Summer	257.356727079238
9	12	Summer	251.620528941203
10	12	Summer	250.990805895038
11	12	Summer	0
12	12	Summer	0
13	12	Summer	257.597175334545
14	12	Summer	271.599362948744
15	12	Summer	298.199595850929
16	12	Summer	328.748189582055
17	12	Summer	0
18	12	Summer	342.97783029304
19	12	Summer	338.149090135543
20	12	Summer	341.769674219329
21	12	Summer	0
22	12	Summer	0
23	12	Summer	0
24	12	Summer	0
1	13	Summer	343.495741685741
2	13	Summer	350.563940074284
3	13	Summer	360.609779141968
4	13	Summer	371.960315918408
5	13	Summer	390.990600190147
6	13	Summer	395.514170510283
7	13	Summer	392.574269873025
8	13	Summer	385.252561208733
9	13	Summer	373.553399488273
10	13	Summer	356.546389145012
11	13	Summer	0
12	13	Summer	0
13	13	Summer	328.815969407441
14	13	Summer	306.191300027786
15	13	Summer	227.971687231081
16	13	Summer	225.480134568311
17	13	Summer	0
18	13	Summer	220.068959086233
19	13	Summer	216.162805969765
20	13	Summer	212.426466273306
21	13	Summer	0
22	13	Summer	0
23	13	Summer	0
24	13	Summer	0
1	14	Summer	218.986400246126
2	14	Summer	234.141015784281
3	14	Summer	254.614624056254
4	14	Summer	274.895776952167
5	14	Summer	277.964312103701
6	14	Summer	275.968325730718
7	14	Summer	267.02208385277
8	14	Summer	263.728719976124
9	14	Summer	266.606789355928
10	14	Summer	265.381803071427
11	14	Summer	0
12	14	Summer	0
13	14	Summer	277.04583161297
14	14	Summer	283.013357835765
15	14	Summer	294.622650040572
16	14	Summer	299.464769142023
17	14	Summer	0
18	14	Summer	294.905439916267
19	14	Summer	283.991874340881
20	14	Summer	273.944529344908
21	14	Summer	0
22	14	Summer	0
23	14	Summer	0
24	14	Summer	0
1	15	Summer	258.930137018752
2	15	Summer	243.842298142674
3	15	Summer	154.681642979202
4	15	Summer	151.194205240186
5	15	Summer	147.586796638039
6	15	Summer	146.761284531448
7	15	Summer	149.488114577723
8	15	Summer	156.120474238699
9	15	Summer	169.191846103438
10	15	Summer	179.343023017087
11	15	Summer	0
12	15	Summer	0
13	15	Summer	184.165559760576
14	15	Summer	182.891666405512
15	15	Summer	178.570874101232
16	15	Summer	177.603885607898
17	15	Summer	0
18	15	Summer	175.078384023574
19	15	Summer	173.766442779756
20	15	Summer	172.516031303223
21	15	Summer	0
22	15	Summer	0
23	15	Summer	0
24	15	Summer	0
1	16	Summer	175.589801359656
2	16	Summer	183.688988105035
3	16	Summer	193.261100158548
4	16	Summer	195.649366795143
5	16	Summer	192.282868181619
6	16	Summer	186.016115332619
7	16	Summer	181.806875311679
8	16	Summer	175.528589581299
9	16	Summer	166.773750513368
10	16	Summer	162.39000727406
11	16	Summer	0
12	16	Summer	0
13	16	Summer	154.328888093746
14	16	Summer	149.306444533629
15	16	Summer	148.112380408767
16	16	Summer	149.577832505603
17	16	Summer	0
18	16	Summer	154.722016763949
19	16	Summer	161.871617598897
20	16	Summer	173.357273617701
21	16	Summer	0
22	16	Summer	0
23	16	Summer	0
24	16	Summer	0
1	17	Summer	178.885759840347
2	17	Summer	171.131682444056
3	17	Summer	166.045506149846
4	17	Summer	167.790392958066
5	17	Summer	166.76407311443
6	17	Summer	163.909192353956
7	17	Summer	167.415994989933
8	17	Summer	172.805844407275
9	17	Summer	180.04824837297
10	17	Summer	191.457177125665
11	17	Summer	0
12	17	Summer	0
13	17	Summer	201.0712677454
14	17	Summer	207.846866239793
15	17	Summer	210.812305419829
16	17	Summer	206.966649769437
17	17	Summer	0
18	17	Summer	193.946745435674
19	17	Summer	180.551429978864
20	17	Summer	209.378284970662
21	17	Summer	0
22	17	Summer	0
23	17	Summer	0
24	17	Summer	0
1	18	Summer	196.348082300775
2	18	Summer	188.404547371215
3	18	Summer	184.20521741356
4	18	Summer	183.7442126175
5	18	Summer	188.580573641138
6	18	Summer	198.831231743609
7	18	Summer	218.304609792756
8	18	Summer	240.668485958183
9	18	Summer	251.085656893772
10	18	Summer	247.550654665265
11	18	Summer	0
12	18	Summer	0
13	18	Summer	250.201195466226
14	18	Summer	251.464807120882
15	18	Summer	256.63926179023
16	18	Summer	263.993574164308
17	18	Summer	0
18	18	Summer	272.303023728948
19	18	Summer	286.23462806373
20	18	Summer	289.546222939603
21	18	Summer	0
22	18	Summer	0
23	18	Summer	0
24	18	Summer	0
1	19	Summer	287.393993793837
2	19	Summer	282.03395046979
3	19	Summer	273.469281134811
4	19	Summer	261.018866015594
5	19	Summer	240.718105905825
6	19	Summer	224.1551403977
7	19	Summer	166.892480463508
8	19	Summer	165.06847587265
9	19	Summer	161.107087029167
10	19	Summer	158.247488143903
11	19	Summer	0
12	19	Summer	0
13	19	Summer	155.512205498194
14	19	Summer	160.314572255654
15	19	Summer	171.408894574153
16	19	Summer	186.39712100722
17	19	Summer	0
18	19	Summer	201.244455580077
19	19	Summer	203.490854898559
20	19	Summer	202.029642233054
21	19	Summer	0
22	19	Summer	0
23	19	Summer	0
24	19	Summer	0
1	20	Summer	195.48031799033
2	20	Summer	193.069327076861
3	20	Summer	195.17629107566
4	20	Summer	194.279508663611
5	20	Summer	202.818457860061
6	20	Summer	207.187137434485
7	20	Summer	215.6860155014
8	20	Summer	219.230812126613
9	20	Summer	215.893039033041
10	20	Summer	207.903485366532
11	20	Summer	0
12	20	Summer	0
13	20	Summer	200.548070539291
14	20	Summer	189.55640219486
15	20	Summer	178.51096543275
16	20	Summer	252.752993940242
17	20	Summer	0
18	20	Summer	247.054448768758
19	20	Summer	241.15986873329
20	20	Summer	239.810964930253
21	20	Summer	0
22	20	Summer	0
23	20	Summer	0
24	20	Summer	0
1	21	Summer	244.266661449167
2	21	Summer	255.104073884884
3	21	Summer	276.46296502469
4	21	Summer	293.05019740421
5	21	Summer	300.930321876818
6	21	Summer	298.8487538688
7	21	Summer	291.788490155105
8	21	Summer	290.208411019091
9	21	Summer	286.081689358108
10	21	Summer	283.937950315374
11	21	Summer	0
12	21	Summer	0
13	21	Summer	281.89475218104
14	21	Summer	286.917355829954
15	21	Summer	300.151593965443
16	21	Summer	315.792622424018
17	21	Summer	0
18	21	Summer	319.695099350827
19	21	Summer	314.194171203986
20	21	Summer	303.95416783732
21	21	Summer	0
22	21	Summer	0
23	21	Summer	0
24	21	Summer	0
1	22	Summer	297.07618285465
2	22	Summer	286.81733452202
3	22	Summer	272.511746972874
4	22	Summer	265.348620133386
5	22	Summer	252.17658518411
6	22	Summer	243.969808851342
7	22	Summer	242.018683451438
8	22	Summer	244.413262393176
9	22	Summer	252.818965536968
10	22	Summer	264.501560715723
11	22	Summer	0
12	22	Summer	0
13	22	Summer	283.269359468098
14	22	Summer	292.303019945309
15	22	Summer	279.632697601885
16	22	Summer	271.321780667532
17	22	Summer	0
18	22	Summer	274.17296168921
19	22	Summer	272.495933903476
20	22	Summer	267.830999877341
21	22	Summer	0
22	22	Summer	0
23	22	Summer	0
24	22	Summer	0
1	23	Summer	273.561187689736
2	23	Summer	282.368312768588
3	23	Summer	294.202550176452
4	23	Summer	312.844974993999
5	23	Summer	328.554597295318
6	23	Summer	339.626064938218
7	23	Summer	344.471653701473
8	23	Summer	338.187773076863
9	23	Summer	316.912980943858
10	23	Summer	295.02475929536
11	23	Summer	0
12	23	Summer	0
13	23	Summer	342.128434720103
14	23	Summer	320.836814893534
15	23	Summer	307.856915034409
16	23	Summer	300.995123299477
17	23	Summer	0
18	23	Summer	300.241831957461
19	23	Summer	308.14454558887
20	23	Summer	324.894332282083
21	23	Summer	0
22	23	Summer	0
23	23	Summer	0
24	23	Summer	0
1	24	Summer	356.714233527338
2	24	Summer	393.257268292495
3	24	Summer	410.279140388277
4	24	Summer	404.502873860253
5	24	Summer	408.833912179349
6	24	Summer	410.898679676905
7	24	Summer	419.353845296407
8	24	Summer	431.370943350957
9	24	Summer	444.948755268436
10	24	Summer	467.713284001043
11	24	Summer	0
12	24	Summer	0
13	24	Summer	473.124498308527
14	24	Summer	469.607711508486
15	24	Summer	460.849290200636
16	24	Summer	446.85444391616
17	24	Summer	0
18	24	Summer	426.510208901769
19	24	Summer	393.338348310034
20	24	Summer	366.274121165313
21	24	Summer	0
22	24	Summer	0
23	24	Summer	0
24	24	Summer	0
1	1	Autumn	272.705754159444
2	1	Autumn	269.72529304964
3	1	Autumn	263.252302001268
4	1	Autumn	258.579658461945
5	1	Autumn	254.110150221275
6	1	Autumn	261.957316520837
7	1	Autumn	280.085667938177
8	1	Autumn	304.576738965406
9	1	Autumn	328.837589788064
10	1	Autumn	332.508252591975
11	1	Autumn	0
12	1	Autumn	0
13	1	Autumn	330.120600968444
14	1	Autumn	319.41887011822
15	1	Autumn	315.479261254458
16	1	Autumn	318.922083871053
17	1	Autumn	0
18	1	Autumn	317.456722919406
19	1	Autumn	331.409541967213
20	1	Autumn	338.548054467689
21	1	Autumn	0
22	1	Autumn	0
23	1	Autumn	0
24	1	Autumn	0
1	2	Autumn	352.435396463627
2	2	Autumn	358.227667237816
3	2	Autumn	352.773677182856
4	2	Autumn	339.718581758714
5	2	Autumn	327.699682272966
6	2	Autumn	309.739069565827
7	2	Autumn	291.690598155576
8	2	Autumn	79.7328056593823
9	2	Autumn	77.9351573403022
10	2	Autumn	76.0756683701231
11	2	Autumn	0
12	2	Autumn	0
13	2	Autumn	75.6501466656949
14	2	Autumn	77.0557291637749
15	2	Autumn	80.4744712570612
16	2	Autumn	87.2122918058959
17	2	Autumn	0
18	2	Autumn	92.4448572253028
19	2	Autumn	94.9307009075135
20	2	Autumn	94.2740548482019
21	2	Autumn	0
22	2	Autumn	0
23	2	Autumn	0
24	2	Autumn	0
1	3	Autumn	92.0468423202225
2	3	Autumn	91.5483946432463
3	3	Autumn	90.2465897028732
4	3	Autumn	89.570331329771
5	3	Autumn	88.9257893315585
6	3	Autumn	90.5102068864208
7	3	Autumn	94.6850454149664
8	3	Autumn	99.6191237930658
9	3	Autumn	100.850189069661
10	3	Autumn	99.1148805059894
11	3	Autumn	0
12	3	Autumn	0
13	3	Autumn	95.8845955322777
14	3	Autumn	93.7148841812777
15	3	Autumn	90.4786544233502
16	3	Autumn	85.9658507800866
17	3	Autumn	0
18	3	Autumn	83.7061893165255
19	3	Autumn	79.5509732441988
20	3	Autumn	76.9620848111488
21	3	Autumn	0
22	3	Autumn	0
23	3	Autumn	0
24	3	Autumn	0
1	4	Autumn	76.3465878395705
2	4	Autumn	77.101975518352
3	4	Autumn	79.7536168886333
4	4	Autumn	83.4389781437611
5	4	Autumn	89.3594193905673
6	4	Autumn	92.2091545568798
7	4	Autumn	88.2122074453896
8	4	Autumn	85.5904670875496
9	4	Autumn	86.4898932773534
10	4	Autumn	85.9608624301188
11	4	Autumn	0
12	4	Autumn	0
13	4	Autumn	84.4892744092557
14	4	Autumn	86.2969046339862
15	4	Autumn	89.075177529523
16	4	Autumn	92.8083754499847
17	4	Autumn	0
18	4	Autumn	98.689266559621
19	4	Autumn	103.644983373917
20	4	Autumn	107.137559917419
21	4	Autumn	0
22	4	Autumn	0
23	4	Autumn	0
24	4	Autumn	0
1	5	Autumn	108.666136814345
2	5	Autumn	106.683840087338
3	5	Autumn	99.9725491936462
4	5	Autumn	93.0677474117856
5	5	Autumn	107.926951015805
6	5	Autumn	101.21035170143
7	5	Autumn	97.1157460676368
8	5	Autumn	94.9511429966805
9	5	Autumn	94.713511658505
10	5	Autumn	97.2064812583188
11	5	Autumn	0
12	5	Autumn	0
13	5	Autumn	102.490325641036
14	5	Autumn	112.528149377709
15	5	Autumn	124.055920597002
16	5	Autumn	129.425596336996
17	5	Autumn	0
18	5	Autumn	127.603430239828
19	5	Autumn	128.969688384653
20	5	Autumn	129.621034598393
21	5	Autumn	0
22	5	Autumn	0
23	5	Autumn	0
24	5	Autumn	0
1	6	Autumn	132.288279273315
2	6	Autumn	136.079161940365
3	6	Autumn	140.362383365437
4	6	Autumn	147.543622713263
5	6	Autumn	149.250630381239
6	6	Autumn	148.141233914349
7	6	Autumn	145.378324984428
8	6	Autumn	140.963546976707
9	6	Autumn	134.545807224533
10	6	Autumn	124.0814978896
11	6	Autumn	0
12	6	Autumn	0
13	6	Autumn	115.543886802938
14	6	Autumn	86.0270517853136
15	6	Autumn	85.086843233325
16	6	Autumn	83.0448902212201
17	6	Autumn	0
18	6	Autumn	81.5708701772697
19	6	Autumn	80.1609306691721
20	6	Autumn	82.6363774513681
21	6	Autumn	0
22	6	Autumn	0
23	6	Autumn	0
24	6	Autumn	0
1	7	Autumn	88.355100295955
2	7	Autumn	96.0809902099072
3	7	Autumn	103.734255453648
4	7	Autumn	104.89219324668
5	7	Autumn	104.13899084178
6	7	Autumn	100.763050510479
7	7	Autumn	99.5202716891033
8	7	Autumn	100.606335606011
9	7	Autumn	100.144076630727
10	7	Autumn	104.545596835083
11	7	Autumn	0
12	7	Autumn	0
13	7	Autumn	106.79749352293
14	7	Autumn	111.178358505876
15	7	Autumn	113.005573261141
16	7	Autumn	111.285071666516
17	7	Autumn	0
18	7	Autumn	107.166745034295
19	7	Autumn	103.375294092418
20	7	Autumn	97.7094856674534
21	7	Autumn	0
22	7	Autumn	0
23	7	Autumn	0
24	7	Autumn	0
1	8	Autumn	92.0159615632733
2	8	Autumn	265.510242845743
3	8	Autumn	259.524073943206
4	8	Autumn	253.33197567251
5	8	Autumn	251.914988396764
6	8	Autumn	256.595578115371
7	8	Autumn	267.979989286014
8	8	Autumn	290.416931713633
9	8	Autumn	307.841374560258
10	8	Autumn	316.11923402202
11	8	Autumn	0
12	8	Autumn	0
13	8	Autumn	313.932602644512
14	8	Autumn	306.515984926341
15	8	Autumn	304.85615416201
16	8	Autumn	300.521143710568
17	8	Autumn	0
18	8	Autumn	298.269203328137
19	8	Autumn	296.12287847409
20	8	Autumn	301.398988931781
21	8	Autumn	0
22	8	Autumn	0
23	8	Autumn	0
24	8	Autumn	0
1	9	Autumn	315.301201231838
2	9	Autumn	331.731682230909
3	9	Autumn	335.831129601973
4	9	Autumn	330.052552084945
5	9	Autumn	319.295703122485
6	9	Autumn	312.070564323655
7	9	Autumn	301.293919229756
8	9	Autumn	286.266283097688
9	9	Autumn	278.74161042403
10	9	Autumn	264.904740903182
11	9	Autumn	0
12	9	Autumn	0
13	9	Autumn	256.283742421126
14	9	Autumn	254.23413750577
15	9	Autumn	256.749578476112
16	9	Autumn	265.579544239149
17	9	Autumn	0
18	9	Autumn	277.851797218725
19	9	Autumn	297.566866570589
20	9	Autumn	307.05648467441
21	9	Autumn	0
22	9	Autumn	0
23	9	Autumn	0
24	9	Autumn	0
1	10	Autumn	293.746650793147
2	10	Autumn	285.01625540154
3	10	Autumn	288.011344613587
4	10	Autumn	286.249671892296
5	10	Autumn	281.349283782821
6	10	Autumn	287.368692431174
7	10	Autumn	296.620341173312
8	10	Autumn	309.051890248449
9	10	Autumn	328.635257643538
10	10	Autumn	345.137794635145
11	10	Autumn	0
12	10	Autumn	0
13	10	Autumn	356.768074525005
14	10	Autumn	361.858235591768
15	10	Autumn	355.257187490837
16	10	Autumn	332.908588814842
17	10	Autumn	0
18	10	Autumn	309.915598881246
19	10	Autumn	359.396746882632
20	10	Autumn	337.030471165763
21	10	Autumn	0
22	10	Autumn	0
23	10	Autumn	0
24	10	Autumn	0
1	11	Autumn	323.395434405231
2	11	Autumn	316.187306178946
3	11	Autumn	315.395993822822
4	11	Autumn	323.697582590201
5	11	Autumn	341.292784384649
6	11	Autumn	374.718737427771
7	11	Autumn	413.106215588016
8	11	Autumn	430.987235802197
9	11	Autumn	424.919422698626
10	11	Autumn	429.469062320893
11	11	Autumn	0
12	11	Autumn	0
13	11	Autumn	431.638045212648
14	11	Autumn	440.519969980138
15	11	Autumn	453.143609261416
16	11	Autumn	467.406736606906
17	11	Autumn	0
18	11	Autumn	491.320263635165
19	11	Autumn	497.004599169525
20	11	Autumn	493.310308934782
21	11	Autumn	0
22	11	Autumn	0
23	11	Autumn	0
24	11	Autumn	0
1	12	Autumn	484.109822198144
2	12	Autumn	469.408611432433
3	12	Autumn	448.037538057695
4	12	Autumn	413.19138797237
5	12	Autumn	384.761143053784
6	12	Autumn	286.470082445094
7	12	Autumn	283.339187966972
8	12	Autumn	276.539484436663
9	12	Autumn	271.630997690308
10	12	Autumn	266.935899128343
11	12	Autumn	0
12	12	Autumn	0
13	12	Autumn	275.179136913056
14	12	Autumn	294.22248398553
15	12	Autumn	319.949697398991
16	12	Autumn	345.435070660648
17	12	Autumn	0
18	12	Autumn	349.291003511444
19	12	Autumn	346.782839503129
20	12	Autumn	335.540958199896
21	12	Autumn	0
22	12	Autumn	0
23	12	Autumn	0
24	12	Autumn	0
1	13	Autumn	331.402504724714
2	13	Autumn	335.019097568015
3	13	Autumn	333.479775180322
4	13	Autumn	348.136837460826
5	13	Autumn	355.635653431358
6	13	Autumn	370.223933824567
7	13	Autumn	376.308558959599
8	13	Autumn	370.579288649498
9	13	Autumn	356.865260964201
10	13	Autumn	344.239729327753
11	13	Autumn	0
12	13	Autumn	0
13	13	Autumn	325.37258727262
14	13	Autumn	306.4131520057
15	13	Autumn	144.316378243482
16	13	Autumn	141.062634785947
17	13	Autumn	0
18	13	Autumn	137.696959749923
19	13	Autumn	136.926765464908
20	13	Autumn	139.470869786433
21	13	Autumn	0
22	13	Autumn	0
23	13	Autumn	0
24	13	Autumn	0
1	14	Autumn	145.658792975281
2	14	Autumn	157.854248168672
3	14	Autumn	167.325191577798
4	14	Autumn	171.8245686426
5	14	Autumn	170.636039275245
6	14	Autumn	166.604784599603
7	14	Autumn	165.702594304276
8	14	Autumn	163.3463273622
9	14	Autumn	162.122299706885
10	14	Autumn	160.955678690121
11	14	Autumn	0
12	14	Autumn	0
13	14	Autumn	163.823474464422
14	14	Autumn	171.379932201089
15	14	Autumn	180.310614065449
16	14	Autumn	182.538842216087
17	14	Autumn	0
18	14	Autumn	179.397933715841
19	14	Autumn	173.551117913423
20	14	Autumn	169.623940368113
21	14	Autumn	0
22	14	Autumn	0
23	14	Autumn	0
24	14	Autumn	0
1	15	Autumn	163.766364506264
2	15	Autumn	155.598189911957
3	15	Autumn	151.508202662911
4	15	Autumn	143.987261572
5	15	Autumn	139.301373508179
6	15	Autumn	138.187323989623
7	15	Autumn	139.554575688217
8	15	Autumn	144.354046568426
9	15	Autumn	151.024550440208
10	15	Autumn	161.740549096927
11	15	Autumn	0
12	15	Autumn	0
13	15	Autumn	166.898569747952
14	15	Autumn	159.664095476155
15	15	Autumn	154.918745428465
16	15	Autumn	156.54670683201
17	15	Autumn	0
18	15	Autumn	155.589160998515
19	15	Autumn	152.925586680753
20	15	Autumn	156.197397387515
21	15	Autumn	0
22	15	Autumn	0
23	15	Autumn	0
24	15	Autumn	0
1	16	Autumn	161.226071328437
2	16	Autumn	167.983159564472
3	16	Autumn	178.627572472914
4	16	Autumn	187.59741990679
5	16	Autumn	193.918983450528
6	16	Autumn	196.685707633964
7	16	Autumn	193.097750558083
8	16	Autumn	180.9503140405
9	16	Autumn	168.452622815332
10	16	Autumn	195.347781338608
11	16	Autumn	0
12	16	Autumn	0
13	16	Autumn	183.190736579589
14	16	Autumn	175.779500382423
15	16	Autumn	171.861568823992
16	16	Autumn	171.431456101894
17	16	Autumn	0
18	16	Autumn	175.943731077557
19	16	Autumn	185.507489410275
20	16	Autumn	203.675950373654
21	16	Autumn	0
22	16	Autumn	0
23	16	Autumn	0
24	16	Autumn	0
1	17	Autumn	224.541216280573
2	17	Autumn	234.260329369963
3	17	Autumn	230.962208734088
4	17	Autumn	233.435135976221
5	17	Autumn	234.614072623091
6	17	Autumn	239.441785484699
7	17	Autumn	246.303283112061
8	17	Autumn	254.055913891441
9	17	Autumn	267.053957111006
10	17	Autumn	270.143640990042
11	17	Autumn	0
12	17	Autumn	0
13	17	Autumn	268.135633384971
14	17	Autumn	263.134768221814
15	17	Autumn	255.144020027839
16	17	Autumn	243.527911076405
17	17	Autumn	0
18	17	Autumn	224.587511180177
19	17	Autumn	209.134435113318
20	17	Autumn	155.708963731418
21	17	Autumn	0
22	17	Autumn	0
23	17	Autumn	0
24	17	Autumn	0
1	18	Autumn	154.007186252318
2	18	Autumn	150.311251300408
3	18	Autumn	147.643275020858
4	18	Autumn	145.091284511201
5	18	Autumn	149.571843186976
6	18	Autumn	159.922731535678
7	18	Autumn	173.906592279932
8	18	Autumn	187.759002371103
9	18	Autumn	189.85486977649
10	18	Autumn	188.491573423622
11	18	Autumn	0
12	18	Autumn	0
13	18	Autumn	182.381121423968
14	18	Autumn	180.131691757277
15	18	Autumn	182.097467446879
16	18	Autumn	181.260778701616
17	18	Autumn	0
18	18	Autumn	189.2275302715
19	18	Autumn	193.303463276504
20	18	Autumn	201.232828895636
21	18	Autumn	0
22	18	Autumn	0
23	18	Autumn	0
24	18	Autumn	0
1	19	Autumn	204.540087602665
2	19	Autumn	201.425979716394
3	19	Autumn	193.971808512073
4	19	Autumn	187.109282307277
5	19	Autumn	176.854169058091
6	19	Autumn	166.548890429525
7	19	Autumn	102.057991244009
8	19	Autumn	99.7570013955869
9	19	Autumn	97.3768555137575
10	19	Autumn	96.8321877320895
11	19	Autumn	0
12	19	Autumn	0
13	19	Autumn	98.6313333296319
14	19	Autumn	103.007323209038
15	19	Autumn	111.631733511547
16	19	Autumn	118.329417248388
17	19	Autumn	0
18	19	Autumn	121.511297161617
19	19	Autumn	120.670790205698
20	19	Autumn	117.819958169885
21	19	Autumn	0
22	19	Autumn	0
23	19	Autumn	0
24	19	Autumn	0
1	20	Autumn	117.181945143355
2	20	Autumn	115.515634819678
3	20	Autumn	114.650024102107
4	20	Autumn	113.825010344395
5	20	Autumn	115.853064814619
6	20	Autumn	121.196858131157
7	20	Autumn	127.512478455124
8	20	Autumn	129.088242009167
9	20	Autumn	126.867047047666
10	20	Autumn	122.732282281315
11	20	Autumn	0
12	20	Autumn	0
13	20	Autumn	119.955051752036
14	20	Autumn	115.812677661888
15	20	Autumn	110.036288998511
16	20	Autumn	107.143922325153
17	20	Autumn	0
18	20	Autumn	101.825245752574
19	20	Autumn	98.5114685582705
20	20	Autumn	97.7236324346502
21	20	Autumn	0
22	20	Autumn	0
23	20	Autumn	0
24	20	Autumn	0
1	21	Autumn	98.6905286634906
2	21	Autumn	102.084629617451
3	21	Autumn	106.801892024014
4	21	Autumn	114.380056819926
5	21	Autumn	118.027717832806
6	21	Autumn	112.911625530099
7	21	Autumn	109.555797872064
8	21	Autumn	110.707063395012
9	21	Autumn	110.029903910552
10	21	Autumn	108.146271243847
11	21	Autumn	0
12	21	Autumn	0
13	21	Autumn	110.460037931502
14	21	Autumn	114.016227237789
15	21	Autumn	118.79472057598
16	21	Autumn	126.322261196315
17	21	Autumn	0
18	21	Autumn	132.665578718614
19	21	Autumn	137.136076694296
20	21	Autumn	139.092655122361
21	21	Autumn	0
22	21	Autumn	0
23	21	Autumn	0
24	21	Autumn	0
1	22	Autumn	136.555315311793
2	22	Autumn	127.964862967867
3	22	Autumn	119.126716687086
4	22	Autumn	138.146497300231
5	22	Autumn	129.549250177831
6	22	Autumn	124.308154966575
7	22	Autumn	121.537463035751
8	22	Autumn	121.233294922886
9	22	Autumn	124.424296010648
10	22	Autumn	131.187616820526
11	22	Autumn	0
12	22	Autumn	0
13	22	Autumn	144.036031203468
14	22	Autumn	158.791578364162
15	22	Autumn	165.664763311355
16	22	Autumn	163.332390706979
17	22	Autumn	0
18	22	Autumn	165.081201132355
19	22	Autumn	165.914924285943
20	22	Autumn	169.328997469843
21	22	Autumn	0
22	22	Autumn	0
23	22	Autumn	0
24	22	Autumn	0
1	23	Autumn	174.181327283667
2	23	Autumn	179.66385070776
3	23	Autumn	188.855837072977
4	23	Autumn	191.040806887986
5	23	Autumn	189.620779410367
6	23	Autumn	186.084255980067
7	23	Autumn	180.433340130185
8	23	Autumn	172.218633247402
9	23	Autumn	158.824317298689
10	23	Autumn	147.896175107761
11	23	Autumn	0
12	23	Autumn	0
13	23	Autumn	110.114626285201
14	23	Autumn	108.911159338656
15	23	Autumn	106.297459483162
16	23	Autumn	104.410713826905
17	23	Autumn	0
18	23	Autumn	102.60599125654
19	23	Autumn	105.774563137751
20	23	Autumn	113.094528378822
21	23	Autumn	0
22	23	Autumn	0
23	23	Autumn	0
24	23	Autumn	0
1	24	Autumn	122.983667468681
2	24	Autumn	132.779846980669
3	24	Autumn	134.26200735575
4	24	Autumn	133.297908277479
5	24	Autumn	128.976704653414
6	24	Autumn	127.385947762052
7	24	Autumn	128.776109575694
8	24	Autumn	128.184418087331
9	24	Autumn	133.818363948906
10	24	Autumn	136.700791709351
11	24	Autumn	0
12	24	Autumn	0
13	24	Autumn	142.308298887521
14	24	Autumn	144.64713377426
15	24	Autumn	142.44489173314
16	24	Autumn	137.173433643897
17	24	Autumn	0
18	24	Autumn	132.320376438295
19	24	Autumn	125.06814165434
20	24	Autumn	117.78043080099
21	24	Autumn	0
22	24	Autumn	0
23	24	Autumn	0
24	24	Autumn	0
