ampl.tab 1 1
BusID	Pd
1	56.6305477
2	12.1925924
3	0
4	22.7970837
5	115.972748
6	0
7	130.119494
8	65.7624416
9	8.12221285
10	24.9280246
11	6.28923383
12	5.86119021
13	35.1203816
14	38.5284297
15	24.9681545
16	22.5232238
17	46.4927618
18	0
19	47.2000621
20	72.6881705
21	12.7900791
22	8.30597002
23	0
24	8.13624283
25	4.42639756
26	5.37260916
27	5.26240942
28	0
29	8.16231537
30	4.57603438
31	2.58340987
32	0
33	4.94620865
34	0
35	0
36	8.24989955
37	12.8963875
38	2.62467636
39	5.98058171
40	0
41	3.50269781
42	4.98218492
43	0
44	8.42753915
45	0
46	0
47	14.2293846
48	19.3326949
49	0
50	0
51	0
52	2.09453206
53	4.63394452
54	0
55	3.17523238
56	8.27241654
57	0
58	0
59	0
60	0
61	0
62	0
63	7.59149755
64	6.69755973
65	7.24963602
66	0
67	3.20898239
68	0
69	18.9960297
70	2.44323077
71	0
72	2.45799235
73	0
74	58.3494814
75	7.42455062
76	0
77	25.3356052
78	3.95046175
79	0
80	6.13758119
81	3.96635966
82	56.2658675
83	8.2653928
84	11.1321808
85	3.34525308
86	3.98569855
87	4.32136332
88	21.2907186
89	0
90	4.23818639
91	4.55639825
92	60.4020676
93	43.8934269
94	10.220178
95	34.4571316
96	6.64334114
97	0
98	0
99	12.7397467
100	8.40409689
101	14.9407967
102	7.98153293
103	0
104	7.18614121
105	0
106	5.40467383
107	34.1070171
108	33.1997529
109	1.69090942
110	10.7401663
111	0
112	0
113	0
114	11.5169429
115	7.03469662
116	0
117	12.9890765
118	5.35696083
119	15.5623155
120	4.16106141
121	0
122	2.47614264
123	5.2771966
124	11.6802862
125	0
126	7.18418508
127	0
128	5.50750283
129	0
130	0
131	0
132	0
133	2.9570706
134	0
135	0
136	10.5497909
137	0
138	0
139	11.0947274
140	19.5985169
141	0
142	17.3481699
143	0
144	0
145	0
146	5.46823566
147	86.760028
148	12.7199757
149	0
150	9.2354472
151	4.85304924
152	0
153	0
154	5.77528991
155	0
156	4.9370406
157	0
158	0
159	0
160	12.6652367
161	4.01075163
162	0
163	0
164	0
165	0
166	0
167	3.88687503
168	0
169	9.93445559
170	0
171	5.16631547
172	11.2415249
173	0
174	5.61177034
175	0
176	0
177	5.82997179
178	0
179	8.9952765
180	8.63825524
181	7.63892679
182	0
183	2.04354138
184	6.87473334
185	0
186	15.0392923
187	11.6706536
188	9.8672335
189	0
190	4.25502742
191	0
192	0
193	1.61401553
194	0
195	0
196	0
197	5.44687009
198	0
199	6.20466944
200	0
201	0
202	0
203	0
204	0
205	0
206	0
207	2.19552885
208	2.78582291
209	0
210	7.63191172
211	10.2218405
212	9.82408028
213	0
214	0
215	17.887307
216	2.65318435
217	8.5969217
218	20.465299
219	0
220	0
221	21.3252184
222	13.4581089
223	3.96973032
224	7.11352154
225	0
226	0
227	11.0455484
228	31.6376209
229	0
230	0
231	0
232	10.3729965
233	0
234	2.81481188
235	0
236	0
237	10.6136713
238	4.7049254
239	0
240	34.3349117
241	0
242	0
243	0
244	0
245	0
246	30.9028317
247	3.49333543
248	0
249	0
250	0
251	14.2078705
252	6.45418482
253	0
254	60.1365473
255	6.86784618
256	0
257	2.6964846
258	0
259	32.8274376
260	6.31707447
261	10.0187676
262	0
263	13.7034546
264	4.10052623
265	0
266	7.48365022
267	7.45107401
268	0
269	0
270	0
271	5.42211162
272	26.782599
273	0
274	0
275	7.53622869
276	0
277	7.34314929
278	3.93278457
279	5.25335493
280	37.5493383
281	2.9819725
282	0
283	4.64272907
284	0
285	0
286	0
287	0
288	0
289	0
290	5.13720272
291	8.18084663
292	19.4156122
293	7.33723046
294	0
295	0
296	5.34124523
297	0
298	8.26732204
299	5.99809723
300	0
301	0
302	0
303	0
304	0
305	0
306	24.2665577
307	3.7436962
308	0
309	0
310	2.98984904
311	8.3243207
312	6.82869842
313	3.60882372
314	6.16947905
315	16.6978877
316	9.21450495
317	0
318	0
319	0
320	7.59959454
321	4.42577234
322	0
323	3.69828422
324	0
325	6.49808838
326	0
327	0
328	0
329	6.63209621
330	2.2323715
331	0
332	14.5810622
333	0
334	6.48848862
335	0
336	5.07272865
337	0
338	0
339	0
340	0
341	21.7359536
342	132.802985
343	7.15821343
344	75.3092033
345	220.97649
346	16.1656272
347	220.867498
348	145.93954
349	102.541639
350	41.24252
351	22.7223979
352	30.8985633
353	37.2906092
354	68.228129
355	27.3226719
356	55.5924986
357	10.7003202
358	48.5503775
359	20.8721608
360	30.395055
361	7.96623382
362	19.8486279
363	0
364	2.65636599
365	34.040032
366	25.6263519
367	21.751968
368	29.5901623
369	3.60853547
370	4.20135395
371	70.8124895
372	7.8181573
373	23.7073261
374	19.4915938
375	10.0717916
376	22.6597838
377	0
378	30.9302817
379	15.582168
380	34.0677263
381	29.5496882
382	25.1238689
383	33.3594737
384	0
385	90.2713284
386	0
387	7.18246124
388	0
389	33.286622
390	7.40081501
391	46.5824246
392	12.3670421
393	7.38376939
394	0
395	2.21135669
396	6.06142419
397	42.4972582
398	17.172891
399	51.1467964
400	23.507844
401	11.8401212
402	10.8123642
403	58.6754629
404	24.8797284
405	5.54616875
406	0
407	0
408	27.7910259
409	0
410	20.3357943
411	81.5579999
412	6.28542252
413	39.9186187
414	3.27627443
415	1.08917855
416	33.8221944
417	21.6094394
418	46.6827971
419	2.70822526
420	0
421	6.87280236
422	7.69990376
423	7.80367124
424	35.3822599
425	39.0284396
426	72.9723879
427	3.47531195
428	0
429	50.6589203
430	21.769304
431	25.8416557
432	10.9533945
433	0
434	8.58164869
435	0
436	57.6732828
437	17.1135528
438	7.77127369
439	29.6885868
440	23.452023
441	38.0242609
442	3.89644554
443	15.3458805
444	0
445	11.9905145
446	70.5316625
447	14.1124949
448	67.0455805
449	11.4586876
450	24.4451715
451	14.0708033
452	7.58291504
453	56.9661989
454	20.1885655
455	3.22068645
456	3.4010057
457	8.91458487
458	39.8928521
459	21.605709
460	15.3953536
461	24.3145286
462	35.9364461
463	7.67081035
464	13.5325136
465	44.4228582
466	2.36013811
467	5.47785071
468	30.225181
469	9.23855949
470	78.171656
471	0
472	32.9885738
473	5.87084513
474	32.0845052
475	24.435379
476	60.8948393
477	39.0682204
478	14.0590466
479	1.86452599
480	0.916879117
481	41.2267742
482	7.80724177
483	4.16475133
484	70.328
485	12.551054
486	3.25764311
487	14.7967193
488	0
489	24.4029969
490	12.6601688
491	2.17356741
492	0
493	4.97936109
494	32.0496982
495	61.4424053
496	23.3795548
497	2.10267744
498	18.8624899
499	40.3377844
500	50.2066026
501	28.6620369
502	10.096109
503	0
504	4.76837706
505	85.9418333
506	2.41641371
507	13.9174381
508	9.23069185
509	9.25145756
510	3.78615111
511	13.9546478
512	14.9768084
513	39.6207255
514	38.5720705
515	26.3734678
516	38.614356
517	34.5838242
518	64.6281645
519	59.6405476
520	9.31520433
521	14.6903143
522	14.778282
523	27.9831034
524	19.1801893
525	10.9146608
526	12.3242809
527	21.6067781
528	4.89465995
529	9.64716063
530	13.3776369
531	44.4111342
532	19.4095644
533	10.3222156
534	23.7710315
535	21.0745959
536	13.3573541
537	7.54182179
538	27.8742486
539	13.0142767
540	0
541	23.8036577
542	32.3174298
543	22.3252873
544	9.25563099
545	0
546	24.4853961
547	28.8258986
548	16.6477631
549	9.18672408
550	23.6227305
551	25.5485906
552	0
553	22.3590316
554	0
555	23.9777604
556	25.7630897
557	0
558	11.2522026
559	7.01440666
560	0.976524058
561	2.87986192
562	0
563	33.3589956
564	8.77028916
565	0
566	0
567	0
568	5.26590634
569	0
570	0
571	17.4768164
572	0
573	0
574	4.39952681
575	6.89176514
576	0
577	17.1665306
578	17.8289417
579	2.29447768
580	70.2700162
581	38.9897979
582	32.9380133
583	2.04063741
584	21.4677287
585	12.8796743
586	9.83368362
587	6.19908208
588	0
589	4.35084622
590	6.53476994
591	2.35780012
592	0
593	14.4391239
594	2.62635338
595	0
596	5.47588571
597	2.95832482
598	0
599	2.857818
600	0
601	18.8883705
602	2.65609261
603	0
604	13.0702557
605	14.3791342
606	6.99922507
607	0
608	4.5879485
609	13.6118197
610	0
611	2.49057036
612	0
613	0
614	6.97086596
615	0
616	15.1198309
617	19.4291698
618	0
619	6.36896559
620	2.80025822
621	0
622	2.64120981
623	5.09611464
624	8.47090742
625	5.16750094
626	2.06174982
627	2.44725886
628	0
629	9.03653296
630	0
631	0
632	5.38383952
633	0
634	0
635	0
636	33.7535817
637	24.1328054
638	16.4991646
639	4.89582074
640	46.2246778
641	3.65346482
642	13.2866689
643	4.18743667
644	4.37289517
645	28.67019
646	9.22366905
647	7.32129976
648	6.04545034
649	30.892564
650	0
651	2.6250547
652	3.77143634
653	0
654	0
655	0
656	2.96601164
657	16.4662091
658	5.31463637
659	45.2069084
660	33.140435
661	3.68775759
662	0
663	6.05428323
664	11.2157999
665	0
666	40.7468546
667	32.2952164
668	33.1306502
669	40.3657451
670	30.1642781
671	19.5932968
672	1.87099709
673	24.0235828
674	70.616947
675	9.51094695
676	2.36296363
677	26.8158928
678	10.3139564
679	34.5757363
680	48.3641126
681	2.05771957
682	19.3706584
683	17.6613338
684	38.4262723
685	54.3063558
686	35.260613
687	6.86006195
688	31.4214034
689	27.2781679
690	25.0720485
691	13.4259303
692	30.9695584
693	33.6747131
694	17.369724
695	27.7930547
696	23.1928317
697	43.5249193
698	0
699	40.7953212
700	60.3638427
701	12.1661752
702	52.5266187
703	33.3958299
704	11.8746553
705	58.3685446
706	29.9907674
707	7.93142179
708	47.762544
709	16.2607422
710	19.3293839
711	57.9823259
712	39.911389
713	19.8513865
714	3.75659166
715	71.005564
716	22.431116
717	22.6588057
718	2.57833792
719	62.8108573
720	19.7006354
721	4.4815656
722	53.4933513
723	8.63778152
724	76.6040794
725	26.0026042
726	56.4510728
727	53.6380887
728	45.1117888
729	36.5213924
730	16.3030142
731	33.5759258
732	14.652268
733	50.390688
734	38.8470056
735	4.52794714
736	1.83751524
737	0.843282762
738	13.9105298
739	2.14911897
740	3.18666777
741	19.1780584
742	8.5943429
743	6.74796955
744	0
745	0
746	0
747	16.2649398
748	4.46234211
749	20.7934349
750	10.6800307
751	25.5501479
752	7.27161859
753	7.34272338
754	5.77645085
755	12.7449647
756	5.14348708
757	23.2560226
758	3.6813905
759	2.73682537
760	14.8536488
761	0
762	0
763	0
764	10.3415873
765	0
766	0
767	0
768	0
769	3.93150062
770	4.71966697
771	10.6299395
772	2.0269738
773	8.34434738
774	0
775	0
776	3.40382285
777	1.1076392
778	5.4240944
779	18.1653477
780	0
781	19.6182945
782	58.7822663
783	10.4918397
784	37.3117941
785	17.5010515
786	20.6640907
787	11.2679332
788	4.36990045
789	15.1825243
790	17.3545073
791	13.9241955
792	13.8267003
793	31.4692087
794	11.5229683
795	9.32430046
796	4.2559836
797	28.5198518
798	0.879968515
799	33.219682
800	0
801	18.0311166
802	45.5872331
803	25.2831218
804	34.2862609
805	2.75063735
806	18.2263875
807	4.25675074
808	20.9765816
809	15.494809
810	16.6107932
811	33.9579765
812	38.6939598
813	9.45529728
814	33.8082231
815	1.88780031
816	0
817	16.5449664
818	0
819	7.84513924
820	2.58409293
821	11.0324391
822	1.99181061
823	3.38061926
824	9.44514723
825	4.78796371
826	3.18753948
827	3.27079637
828	3.70373254
829	8.28229304
830	0
831	6.19171748
832	4.59108307
833	4.07237791
834	4.81650812
835	5.59506979
836	2.2611386
837	3.41829034
838	8.65127103
839	0
840	12.6164253
841	13.9537012
842	1.83819217
843	6.07449737
844	8.94387293
845	23.6348821
846	3.96771414
847	5.39423484
848	1.88106447
849	2.25627787
850	2.03844305
851	2.68177839
852	5.93861309
853	0
854	22.2479651
855	4.53461013
856	5.44948543
857	3.14772823
858	5.77282343
859	0
860	1.78386004
861	3.80200404
862	5.70118
863	2.61216893
864	8.66719328
865	4.06301188
866	5.55860865
867	4.678989
868	5.54406048
869	9.46813841
870	6.43472053
871	3.14490643
872	2.42175096
873	2.90390296
874	2.52103751
875	3.04565059
876	3.77678327
877	0
878	13.8905588
879	2.63566342
880	1.27993863
881	4.07598334
882	2.08411061
883	2.73188404
884	6.94681999
885	5.40281788
886	6.87443295
887	8.70261454
888	3.32290423
889	17.5734854
890	4.69320299
891	9.50951612
892	12.0264233
893	0
894	6.44415655
895	10.6206499
896	2.21956826
897	2.78433609
898	2.15478041
899	6.67997195
900	2.84073523
901	2.61976425
902	12.4505338
903	6.52233646
904	6.30252721
905	6.82952493
906	4.67051389
907	2.34480136
908	1.89812913
909	0
910	3.94856577
911	7.1682642
912	6.56205122
913	3.16109317
914	6.32135727
915	5.07505424
916	1.81529758
917	0
918	3.42754773
919	4.06134374
920	10.3343184
921	4.69002676
922	7.81059611
923	2.74069949
924	6.44924725
925	2.98093715
926	3.47624341
927	0
928	6.46783109
929	1.80519087
930	6.15431082
931	7.45120505
932	6.90198207
933	5.31440297
934	0
935	6.59520478
936	0
937	2.10526392
938	8.20929797
939	4.03968012
940	5.20345739
941	4.91190728
942	3.90675378
943	7.6288652
944	5.69127968
945	0
946	3.19638755
947	0
948	0
949	9.33834164
950	3.11894581
951	6.89419805
952	3.28173634
953	3.34815522
954	0
955	0
956	2.7321767
957	0
958	3.13831107
959	5.16846608
960	9.06019301
961	8.87865344
962	17.3079236
963	6.81962249
964	14.081237
965	4.64887533
966	2.67486447
967	2.84529612
968	3.40412904
969	5.97249748
970	6.54621144
971	3.55376675
972	3.3843756
973	7.43440577
974	0
975	0
976	2.90714449
977	5.03132267
978	3.0337007
979	3.93827272
980	3.48803039
981	4.58867206
982	10.9986222
983	1.55285447
984	0
985	3.29499077
986	3.9536273
987	8.99607756
988	5.54841006
989	18.3871478
990	20.3155892
991	24.5329365
992	10.0571526
993	17.4436558
994	6.33673984
995	48.6841794
996	11.0851429
997	17.6945469
998	6.75045496
999	18.6279127
1000	11.6698032
1001	44.8279506
1002	37.5143691
1003	17.3268362
1004	22.5493119
1005	2.20342525
1006	75.432484
1007	34.5257611
1008	8.00784928
1009	0
1010	55.3909431
1011	0
1012	32.425944
1013	0
1014	28.2839143
1015	0
1016	0
1017	11.8225336
1018	0
1019	0
1020	10.2176291
1021	32.0747777
1022	11.3094228
1023	15.7389074
1024	13.8507119
1025	17.4248086
1026	3.76475488
1027	0
1028	32.1980772
1029	5.50716324
1030	7.24583264
1031	0
1032	28.7408073
1033	21.2903265
1034	8.28216418
1035	0
1036	5.8113156
1037	74.7418572
1038	12.9993537
1039	0
1040	30.7901976
1041	0
1042	0
1043	0
1044	17.1559873
1045	69.4956229
1046	24.113084
1047	5.00611524
1048	25.1729121
1049	40.5331573
1050	0
1051	0
1052	3.02138696
1053	0
1054	7.75539516
1055	0
1056	15.063564
1057	21.1302476
1058	38.9646908
1059	62.9324058
1060	54.7667411
1061	40.7036713
1062	17.8118686
1063	2.95614208
1064	30.6992345
1065	34.6106157
1066	70.0266482
1067	31.7828699
1068	19.9022452
1069	27.5139419
1070	80.5450757
1071	26.0255866
1072	104.276497
1073	12.1674336
1074	2.68414483
1075	61.2623973
1076	3.51792935
1077	58.2622777
1078	13.71571
1079	0
1080	0
1081	20.5815736
1082	18.4134109
1083	51.2667258
1084	8.02165604
1085	115.42882
1086	0
1087	27.7800993
1088	19.1130562
1089	10.9285513
1090	37.3909536
1091	31.8099814
1092	57.9123949
1093	32.7755044
1094	28.0048644
1095	42.113867
1096	9.23268556
1097	54.2105132
1098	0
1099	57.0444579
1100	0
1101	30.9928231
1102	27.1248701
1103	23.9668877
1104	38.627004
1105	9.48260725
1106	7.43297194
1107	19.0510799
1108	60.031922
1109	76.8639703
1110	18.9727052
1111	0
1112	33.7364215
1113	0
1114	37.9185669
1115	47.2465523
1116	16.5593058
1117	63.7174852
1118	64.4957956
1119	0
1120	25.3409446
1121	36.4627066
1122	5.36583993
1123	33.9600156
1124	45.3189414
1125	2.79943473
1126	5.59178682
1127	164.290446
1128	40.7753176
1129	235.645799
1130	83.9162641
1131	7.06330105
1132	10.5669417
1133	0
1134	3.47446445
1135	6.64798634
1136	8.62469267
1137	49.1481696
1138	7.42292605
1139	5.93173504
1140	7.54044671
1141	48.2436362
1142	9.19706807
1143	26.69975
1144	19.1110573
1145	56.4154448
1146	101.546763
1147	57.0292751
1148	10.8465761
1149	5.87755235
1150	0
1151	2.77198765
1152	0
1153	13.0263902
1154	3.56700605
1155	3.27747498
1156	12.7883552
1157	3.17990267
1158	15.136186
1159	24.3170117
1160	69.353826
1161	14.8154741
1162	0
1163	0
1164	3.50921355
1165	6.6688068
1166	21.3148848
1167	8.03524244
1168	0
1169	0
1170	4.95144626
1171	13.5332807
1172	24.1929836
1173	21.5930833
1174	0
1175	2.98751232
1176	0
1177	2.45474766
1178	0
1179	21.0285173
1180	0
1181	19.6889402
1182	51.9302758
1183	30.148965
1184	18.3959819
1185	35.5615025
1186	19.3723661
1187	25.9512612
1188	60.1361444
1189	23.3468512
1190	0
1191	1.30455284
1192	47.826014
1193	57.0252926
1194	14.6237633
1195	13.0224775
1196	3.22681561
1197	102.328648
1198	7.70600698
1199	12.0031585
1200	37.014998
1201	8.86400603
1202	13.0825558
1203	19.3323735
1204	72.8424375
1205	4.02235883
1206	12.7266417
1207	3.8159434
1208	8.00202163
1209	6.33323196
1210	8.35713419
1211	94.6955256
1212	6.23242797
1213	40.6164731
1214	22.1863627
1215	1.60641136
1216	3.53125365
1217	3.43470152
1218	5.92478304
1219	11.6990622
1220	19.2015081
1221	23.3058591
1222	8.98647132
1223	0
1224	0.815152044
1225	4.76700869
1226	29.2546759
1227	29.0523445
1228	3.80604534
1229	31.6557475
1230	34.4813729
1231	25.0592318
1232	3.62252708
1233	8.15797137
1234	8.53297961
1235	45.9854549
1236	0
1237	48.7801502
1238	24.0034586
1239	0
1240	19.2948956
1241	72.2360783
1242	0
1243	24.3295509
1244	16.9253213
1245	109.286504
1246	49.8976519
1247	53.273118
1248	43.9617742
1249	20.526035
1250	47.7416924
1251	35.1664416
1252	79.9617845
1253	109.478311
1254	47.5060899
1255	41.4562112
1256	71.8530556
1257	49.7086309
1258	29.7232514
1259	42.8637786
1260	74.5932232
1261	66.7280173
1262	151.97647
1263	28.2239335
1264	31.2774727
1265	16.2892507
1266	7.20920515
1267	5.54436476
1268	104.996869
1269	2.46083946
1270	32.7909796
1271	0
1272	9.03144118
1273	5.42605087
1274	0
1275	0
1276	0
1277	0
1278	8.3320883
1279	0
1280	5.4345385
1281	0
1282	0
1283	3.93574594
1284	0
1285	0
1286	0
1287	3.37733091
1288	0
1289	0
1290	15.4693763
1291	0
1292	0
1293	0
1294	2.641942
1295	4.09963039
1296	0
1297	4.06711224
1298	0
1299	0
1300	14.4272526
1301	0
1302	0
1303	4.41746401
1304	3.21551076
1305	0
1306	3.76645587
1307	0
1308	10.0253875
1309	6.41663372
1310	0
1311	0
1312	0
1313	4.24404324
1314	0
1315	3.38636053
1316	5.26162686
1317	6.97567049
1318	3.50526303
1319	5.59718691
1320	19.7043698
1321	15.2494432
1322	21.8820625
1323	0
1324	7.8851547
1325	3.64440231
1326	105.451923
1327	3.43436545
1328	2.92059762
1329	22.6730682
1330	26.5295654
1331	15.3796891
1332	11.9248425
1333	10.3520356
1334	11.3277362
1335	5.87158093
1336	28.3380127
1337	0
1338	2.24153672
1339	0
1340	27.7733232
1341	4.99666693
1342	35.4399293
1343	24.1481756
1344	31.1180203
1345	27.1574075
1346	4.68027752
1347	8.17473671
1348	15.1441067
1349	13.8246256
1350	3.33933139
1351	10.8046589
1352	13.6508991
1353	6.90541704
1354	13.8825975
1355	12.3662337
1356	26.2740491
1357	18.604783
1358	5.37359653
1359	11.814699
1360	0
1361	11.3060056
1362	24.5206477
1363	5.92348966
1364	3.76425322
1365	0
1366	8.90966924
1367	3.28794615
1368	11.288334
1369	22.8225037
1370	6.4543228
1371	5.71641961
1372	14.4459846
1373	0
1374	8.02259454
1375	0
1376	5.86203617
1377	7.99064915
1378	0
1379	0
1380	0
1381	8.52687735
1382	18.7968578
1383	0
1384	0
1385	29.775963
1386	7.0565841
1387	5.56904949
1388	20.1375708
1389	0
1390	15.3579008
1391	4.14587496
1392	4.09474656
1393	6.80409753
1394	12.0438327
1395	19.771513
1396	8.30154508
1397	0
1398	10.1237494
1399	0
1400	14.359642
1401	16.3810254
1402	0
1403	2.9429177
1404	0
1405	0
1406	0
1407	3.57239557
1408	2.9218574
1409	0
1410	0
1411	3.75530225
1412	0
1413	19.5209125
1414	6.95660432
1415	6.84629553
1416	0
1417	0
1418	0
1419	0
1420	5.48164266
1421	3.26595896
1422	8.80168507
1423	21.6279592
1424	0
1425	0
1426	2.40484359
1427	0
1428	15.7997419
1429	19.8637565
1430	17.9755758
1431	43.4768029
1432	0
1433	0
1434	0
1435	73.581003
1436	9.48329128
1437	0
1438	0
1439	12.9364778
1440	18.1724612
1441	6.87119824
1442	0
1443	13.761689
1444	10.5697517
1445	0
1446	0
1447	0
1448	0
1449	0
1450	4.38771398
1451	0
1452	4.64670801
1453	37.8698707
1454	42.4415541
1455	28.5408143
1456	26.1193359
1457	3.90515183
1458	0
1459	0
1460	0
1461	19.8041419
1462	3.25894508
1463	64.3606123
1464	31.9707798
1465	52.9119505
1466	16.2056199
1467	20.2775049
1468	26.6909023
1469	50.0872298
1470	12.8046512
1471	0
1472	27.3668808
1473	56.0544214
1474	48.6681303
1475	15.6994355
1476	9.64668004
1477	12.7833826
1478	4.04259829
1479	0
1480	0
1481	0
1482	34.0201232
1483	0
1484	9.42101851
1485	57.993084
1486	0
1487	0
1488	0
1489	5.35010687
1490	0
1491	6.68774278
1492	6.32719184
1493	9.07495395
1494	20.4678456
1495	0
1496	0
1497	0
1498	0
1499	3.33135329
1500	0
1501	0
1502	0
1503	14.2131364
1504	0
1505	0
1506	0
1507	0
1508	6.63297545
1509	18.3397321
1510	71.650223
1511	6.92983615
1512	37.4080667
1513	7.30939805
1514	26.5796308
1515	3.79985318
1516	28.1867018
1517	74.2379736
1518	34.747244
1519	3.47728878
1520	0
1521	4.03060361
1522	9.62397328
1523	11.8440941
1524	22.0811209
1525	6.29743162
1526	12.6924097
1527	14.8029246
1528	0
1529	3.25428598
1530	12.6333367
1531	6.96864877
1532	0
1533	6.3192488
1534	96.4222317
1535	0
1536	9.58838063
1537	35.4301737
1538	0
1539	17.9748873
1540	8.01497955
1541	11.2670915
1542	0
1543	6.66481768
1544	1.58146264
1545	0
1546	0
1547	11.8263265
1548	1.31100248
1549	0
1550	7.8602773
1551	8.60304991
1552	19.5862245
1553	0
1554	2.39659516
1555	3.62018941
1556	17.2212442
1557	0
1558	6.22613697
1559	0
1560	0
1561	0
1562	4.21621154
1563	0
1564	5.06762355
1565	7.57502192
1566	5.72760295
1567	0
1568	0
1569	0
1570	1.49962304
1571	0
1572	0
1573	3.95659991
1574	13.8479711
1575	8.91122307
1576	0
1577	0
1578	0
1579	0
1580	14.7277872
1581	0
1582	0
1583	0
1584	2.22495918
1585	0
1586	0
1587	0
1588	4.09252754
1589	0
1590	10.2545746
1591	0
1592	0
1593	0
1594	0
1595	0
1596	5.99018842
1597	0
1598	6.53911043
1599	0
1600	0
1601	0
1602	0
1603	29.0203476
1604	7.42097381
1605	2.8993633
1606	0
1607	0
1608	43.1477236
1609	2.01908678
1610	33.1884259
1611	50.3474106
1612	62.3626375
1613	37.8025296
1614	0
1615	6.9716297
1616	4.62672435
1617	0
1618	40.6009703
1619	11.9450587
1620	0
1621	0
1622	1.91990795
1623	0
1624	27.0539488
1625	0
1626	0
1627	8.6775631
1628	1.65697474
1629	0
1630	7.88883799
1631	0
1632	0
1633	0
1634	0
1635	0
1636	0
1637	12.9071879
1638	9.08270173
1639	0
1640	0
1641	0
1642	0
1643	0
1644	0
1645	0
1646	0
1647	2.23301832
1648	5.31093985
1649	5.92047933
1650	84.2561904
1651	0
1652	0
1653	14.5648369
1654	0
1655	0
1656	0
1657	0
1658	0
1659	0
1660	0
1661	0
1662	0
1663	0
1664	0
1665	0
1666	0
1667	0
1668	0
1669	2.06224334
1670	6.30994879
1671	0
1672	11.711045
1673	2.4008093
1674	0
1675	0
1676	0
1677	0
1678	11.1290427
1679	6.14555874
1680	0
1681	0
1682	0
1683	0
1684	0
1685	2.4682458
1686	0
1687	2.60160323
1688	0
1689	3.01141287
1690	0
1691	0
1692	0
1693	2.40939878
1694	17.9922572
1695	15.2141849
1696	167.231611
1697	0.93533977
1698	13.2600218
1699	4.41465895
1700	14.255178
1701	14.5231668
1702	0
1703	114.302473
1704	0
1705	0
1706	0
1707	0
1708	0
1709	0
1710	0
1711	0
1712	4.53767876
1713	4.70609731
1714	1.17370092
1715	11.6457504
1716	0
1717	0
1718	0
1719	0
1720	0
1721	0
1722	0
1723	0
1724	0
1725	0
1726	4.88097125
1727	0
1728	0
1729	0
1730	0
1731	0
1732	0
1733	0
1734	0
1735	0
1736	1.38869168
1737	3.28286349
1738	0
1739	0
1740	0
1741	0
1742	0
1743	0
1744	6.61037805
1745	0
1746	0
1747	0
1748	0
1749	12.2498924
1750	0
1751	1.65465485
1752	0
1753	5.55199673
1754	5.53825709
1755	0
1756	5.81430689
1757	0
1758	5.52578885
1759	5.489049
1760	9.70322301
1761	20.3002337
1762	0
1763	0
1764	6.25334997
1765	3.98361756
1766	5.93386357
1767	4.15846105
1768	3.25609749
1769	5.19266231
1770	5.08936373
1771	7.47545945
1772	2.85871924
1773	4.47253538
1774	7.89975857
1775	0
1776	23.3113319
1777	4.5987045
1778	1.83125947
1779	3.46457034
1780	4.09412005
1781	15.7028844
1782	0
1783	0
1784	0
1785	0
1786	0
1787	0
1788	36.1167779
1789	28.4969164
1790	4.99733682
1791	0
1792	7.26920602
1793	0
1794	7.59391617
1795	0
1796	0
1797	0
1798	12.6559882
1799	16.6442109
1800	5.21436023
1801	43.7968215
1802	21.6312865
1803	6.28657636
1804	0
1805	10.2169314
1806	0
1807	31.1165045
1808	3.14155754
1809	0
1810	0
1811	0
1812	0
1813	38.9263646
1814	20.596829
1815	64.449043
1816	5.11459791
1817	5.89508424
1818	5.02389886
1819	4.1938092
1820	2.59300949
1821	0
1822	18.8492357
1823	0
1824	0
1825	0
1826	0
1827	0
1828	0
1829	8.68115178
1830	0
1831	3.40977054
1832	43.1049519
1833	0
1834	0
1835	0
1836	9.12493652
1837	6.82593965
1838	0
1839	25.7589761
1840	0
1841	6.7495577
1842	0
1843	3.79955579
1844	74.7604236
1845	0
1846	0
1847	0
1848	0
1849	0
1850	3.8574814
1851	1.36608835
1852	0
1853	0
1854	0
1855	0
1856	0
1857	0
1858	0
1859	20.5972027
1860	1.31922191
1861	44.9661407
1862	0
1863	0
1864	0
1865	14.4832694
1866	106.792356
1867	24.980335
1868	5.47858425
1869	11.8283804
1870	8.75245737
1871	3.16136929
1872	15.1695839
1873	11.0111384
1874	1.94498172
1875	5.32575461
1876	16.8150749
1877	0
1878	0
1879	25.0973996
1880	2.41219204
1881	43.7221321
1882	0
1883	0
1884	0
1885	3.20493338
1886	7.4557878
1887	0
1888	0
1889	0
1890	0
1891	0
1892	0
1893	25.7093819
1894	9.66394922
1895	0
1896	8.04890367
1897	0
1898	0
1899	1.43738215
1900	16.2588647
1901	41.9646259
1902	1.61244533
1903	1.59376974
1904	0
1905	14.8627596
1906	60.3436884
1907	46.1819598
1908	19.8465478
1909	8.19955792
1910	5.96576869
1911	20.7670636
1912	2.31798959
1913	7.70663203
1914	8.92076755
1915	12.3749521
1916	20.7855356
1917	1.80914403
1918	0
1919	16.0510343
1920	0
1921	14.9675958
1922	0.378379164
1923	0
1924	0
1925	12.7434659
1926	0
1927	0
1928	0
1929	0
1930	0
1931	0
1932	0
1933	0
1934	0
1935	0
1936	0
1937	0
1938	5.26559548
1939	15.9693927
1940	23.3529089
1941	6.68953221
1942	7.28343483
1943	18.121128
1944	17.3914833
1945	68.4941787
1946	0
1947	5.4553901
1948	0
1949	12.0827968
1950	194.128896
1951	0
1952	0
1953	0
1954	20.5918618
1955	0
1956	0
1957	11.4082615
1958	4.61299008
1959	3.71098855
1960	3.29531948
1961	0
1962	0
1963	26.3128315
1964	0
1965	5.18225544
1966	7.89954921
1967	6.57471914
1968	17.8324166
1969	0
1970	0
1971	11.4324452
1972	0
1973	12.6151216
1974	0
1975	0
1976	5.02096483
1977	8.82189285
1978	58.0767293
1979	12.9324975
1980	39.5093386
1981	15.4956641
1982	0
1983	9.6268579
1984	6.50874338
1985	0
1986	0
1987	2.62850543
1988	10.3528443
1989	0
1990	24.2134017
1991	6.13230292
1992	46.424226
1993	17.927655
1994	6.05738864
1995	4.31832394
1996	4.02787966
1997	0
1998	20.0238493
1999	8.83946432
2000	0
2001	46.0192547
2002	5.90110535
2003	49.4190793
2004	41.2953332
2005	19.8785119
2006	17.9078382
2007	19.0357829
2008	29.2775822
2009	3.29262988
2010	5.06348325
2011	0
2012	0.918941487
2013	4.60868487
2014	7.25766203
2015	6.33150495
2016	7.66058077
2017	4.93115494
2018	5.34346775
2019	14.4593023
2020	7.39372173
2021	17.1570815
2022	77.8402513
2023	34.9931875
2024	4.69880799
2025	22.4826886
2026	1.91091157
2027	4.71323291
2028	9.69860303
2029	9.05677336
2030	17.8580319
2031	35.3706962
2032	51.5654637
2033	40.5230655
2034	25.9026624
2035	39.5757946
2036	27.0431198
2037	1.8935691
2038	9.82297519
2039	0
2040	25.5664474
2041	0
2042	6.46894889
2043	2.2029713
2044	0
2045	22.6652731
2046	24.4779513
2047	44.983671
2048	16.7863797
2049	7.14933391
2050	25.9844163
2051	16.6289556
2052	16.4406837
2053	55.3577984
2054	13.2965289
2055	31.1468205
2056	19.3120482
2057	36.4830543
2058	36.2179636
2059	8.25319104
2060	19.4350753
2061	16.4113972
2062	19.4151671
2063	58.8654063
2064	27.2828068
2065	16.201872
2066	30.4246282
2067	21.3957222
2068	61.2966727
2069	44.5615676
2070	5.92160226
2071	2.58080642
2072	32.4203355
2073	11.1172028
2074	40.201417
2075	44.685746
2076	23.0742434
2077	45.4005411
2078	25.1340717
2079	30.8375629
2080	76.5532866
2081	9.66396467
2082	18.7385667
2083	12.1816183
2084	33.5322178
2085	37.7977761
2086	23.9305879
2087	24.2211222
2088	6.29476855
2089	26.6913095
2090	12.6436266
2091	33.3583691
2092	11.0319944
2093	25.8007003
2094	26.4279389
2095	25.9418847
2096	11.5718924
2097	46.6098089
2098	39.2839951
2099	12.16553
2100	19.9418563
2101	10.3969995
2102	61.6803779
2103	17.98528
2104	13.5941815
2105	19.0004833
2106	12.3893558
2107	0
2108	3.28942687
2109	68.3902733
2110	9.41042269
2111	17.0616116
2112	4.8326621
2113	37.3401175
2114	3.21218503
2115	5.76577555
2116	28.4498596
2117	0
2118	0
2119	5.24163256
2120	5.12725584
2121	10.7355166
2122	14.5037746
2123	29.2674756
2124	6.17579599
2125	14.3606165
2126	43.1355891
2127	5.73239993
2128	12.4055633
2129	4.16026345
2130	5.03077915
2131	30.159132
2132	4.34052102
2133	11.3079406
2134	2.46417365
2135	70.4245691
2136	24.4556977
2137	18.9609356
2138	32.3195873
2139	0
2140	3.69971799
2141	21.0586856
2142	23.1164689
2143	7.98097014
2144	16.7030024
2145	33.8011993
2146	28.4029058
2147	3.9348347
2148	9.03548334
2149	0
2150	4.56117963
2151	28.4233183
2152	29.2989189
2153	49.0508394
2154	56.9323393
2155	40.2586717
2156	16.4842522
2157	42.3732026
2158	74.6785642
2159	34.4250577
2160	34.0443903
2161	5.05149103
2162	2.90832333
2163	0
2164	12.0189651
2165	92.645371
2166	11.8602244
2167	10.5630142
2168	11.8295071
2169	0
2170	0
2171	0
2172	0
2173	12.8245874
2174	10.0470221
2175	6.14960837
2176	17.1112403
2177	7.34041359
2178	4.49465555
2179	19.1750217
2180	2.47209345
2181	20.2080757
2182	3.62173127
2183	3.19732724
2184	5.01292155
2185	37.50497
2186	34.274267
2187	3.58299018
2188	40.0676667
2189	0
2190	3.25522854
2191	10.94338
2192	7.40703112
2193	3.93964159
2194	10.4031637
2195	4.56436246
2196	0
2197	29.355389
2198	105.460031
2199	0
2200	0
2201	8.30343545
2202	6.87007126
2203	0
2204	0
2205	20.3737541
2206	11.0206759
2207	14.7939004
2208	0
2209	0
2210	37.006799
2211	2.70885253
2212	0
2213	14.5004989
2214	18.9432706
2215	58.2711946
2216	10.0565057
2217	0
2218	68.8961368
2219	26.4525554
2220	0
2221	0
2222	16.9524852
2223	1.02148949
2224	7.34771762
2225	4.84608545
2226	3.33701734
2227	34.4669713
2228	18.5807538
2229	15.2418375
2230	31.5435119
2231	0
2232	11.6749769
2233	5.01042105
2234	4.06635985
2235	0
2236	16.9784828
2237	0
2238	86.6691419
2239	4.63266384
2240	34.2100004
2241	6.98145313
2242	0
2243	6.66940879
2244	5.23817385
2245	0
2246	24.8615663
2247	0
2248	0
2249	0
2250	0
2251	4.63238071
2252	18.4116819
2253	15.7746574
2254	0
2255	3.41893406
2256	4.84970486
2257	4.2466749
2258	8.11863413
2259	16.30827
2260	6.26303657
2261	0
2262	0.00115071406
2263	0
2264	0
2265	1.88901575
2266	1.93464081
2267	0
2268	0
2269	1.74263474
2270	4.64830388
2271	2.81527954
2272	0
2273	14.070295
2274	23.882452
2275	0
2276	0
2277	0
2278	1.39366442
2279	6.88395102
2280	0
2281	2.75122116
2282	14.8667334
2283	0
2284	0.542127854
2285	35.0275926
2286	21.6898983
2287	40.5662685
2288	3.21168569
2289	16.429593
2290	85.6726871
2291	17.1628957
2292	100.108223
2293	8.72529006
2294	8.92350115
2295	21.0743573
2296	5.5634554
2297	33.9446146
2298	0
2299	3.32466009
2300	0
2301	3.43545531
2302	0
2303	3.86536933
2304	0
2305	0
2306	0
2307	86.5987548
2308	3.52983095
2309	5.12157226
2310	3.97197297
2311	3.44570266
2312	0
2313	0
2314	0
2315	18.6093581
2316	1.87067954
2317	1.97853132
2318	34.4983659
2319	13.2733553
2320	9.28653338
2321	73.2278273
2322	40.1218154
2323	81.461696
2324	201.988566
2325	7.55269288
2326	5.67253156
2327	80.3561277
2328	16.5641259
2329	10.6188064
2330	0
2331	0
2332	0
2333	19.163069
2334	0
2335	0
2336	0
2337	37.8924329
2338	0
2339	0
2340	3.55869394
2341	3.97985797
2342	8.0478666
2343	6.85961357
2344	3.00250283
2345	10.935224
2346	4.15980056
2347	11.2044011
2348	4.92183812
2349	33.9732309
2350	18.1248475
2351	0
2352	2.04913252
2353	0
2354	4.07716107
2355	6.8448702
2356	0
2357	42.5140477
2358	3.17474562
2359	0
2360	4.63736975
2361	0
2362	22.841244
2363	17.795444
2364	17.0049658
2365	15.9112018
2366	0
2367	54.3879354
2368	6.17638868
2369	51.9484519
2370	0
2371	0
2372	0
2373	0
2374	0
2375	0
2376	6.48383767
2377	0
2378	61.8917735
2379	0
2380	22.6061168
2381	2.74367639
2382	14.2124624
2383	19.2698272
2384	15.4166797
2385	2.7023301
2386	2.02264819
2387	2.63912042
2388	3.64476654
2389	1.47513208
2390	2.56096439
2391	0
2392	1.19810922
2393	1.45874714
2394	4.57931222
2395	1.0997934
2396	0
2397	0.572895609
2398	1.51828367
2399	0
2400	30.5065336
2401	0.385527925
2402	0
2403	13.5558169
2404	15.168907
2405	0
2406	0
2407	0
2408	5.95516367
2409	0
2410	0
2411	0
2412	0
2413	0
2414	0
2415	0
2416	0
2417	0
2418	0
2419	0
2420	0
2421	0
2422	0
2423	0
2424	0
2425	0
2426	0
2427	0
2428	0
2429	0
2430	0
2431	0
2432	0
2433	0
2434	0
2435	0
2436	0
2437	0
2438	0
2439	0
2440	0
2441	0
2442	0
2443	0
2444	0
2445	0
2446	0
2447	0
2448	0
2449	0
2450	0
2451	0
2452	0
2453	0
2454	0
2455	0
2456	0
2457	0
2458	0
2459	0
2460	0
2461	0
2462	0
2463	0
2464	0
2465	0
2466	0
2467	0
2468	0
2469	0
2470	0
2471	0
2472	0
2473	0
2474	0
2475	0
2476	0
2477	0
2478	0
2479	9.6785036
2480	3.24048951
2481	11.7083829
2482	4.839848
2483	13.2790042
2484	4.45822894
2485	3.70297512
2486	0
2487	0
2488	8.07078478
2489	0
2490	0
2491	0
2492	0
2493	0
2494	0
2495	0
2496	7.05700276
2497	0
2498	0
2499	0
2500	0
2501	5.20917183
2502	10.2529756
2503	0
2504	0
2505	0
2506	0
2507	0
2508	0
2509	0
2510	6.02709991
2511	0
2512	4.3059557
2513	3.79997597
2514	2.53995353
2515	0
2516	0
2517	0
2518	0
2519	0
2520	0
2521	0
2522	0
2523	0
2524	0
2525	0
2526	0
2527	0
2528	0
2529	0
2530	0
2531	0
2532	0
2533	0
2534	0
2535	0
2536	0
2537	0
2538	0
2539	0
2540	0
2541	0
2542	0
2543	0
2544	0
2545	0
2546	0
2547	0
2548	0
2549	0
2550	0
2551	0
2552	0
2553	0
2554	0
2555	0
2556	0
2557	0
2558	5.20851049
2559	0
2560	0
2561	0
2562	0
2563	0
2564	0
2565	0
2566	0
2567	0
2568	0
2569	0
2570	0
2571	0
2572	0
2573	0
2574	2.69634661
2575	0
2576	0
2577	0
2578	0
2579	0
2580	0
2581	0
2582	0
2583	0
2584	0
2585	0
2586	0
2587	6.08257009
2588	0
2589	0
2590	0
2591	0
2592	0
2593	0
2594	0
2595	0
2596	0
2597	0
2598	0
2599	0
2600	0
2601	0
2602	0
2603	0
2604	0
2605	0
2606	0
2607	0
2608	0
2609	0
2610	0
2611	0
2612	0
2613	0
2614	0
2615	0
2616	0
2617	0
2618	0
2619	0
2620	0
2621	0
2622	0
2623	0
2624	5.89146296
2625	0
2626	0
2627	0
2628	0
2629	0
2630	0
2631	0
2632	0
2633	0
2634	0
2635	0
2636	0
2637	4.61133116
2638	0
2639	0
2640	0
2641	0
2642	0
2643	0
2644	0.260864036
2645	0
2646	0
2647	0
2648	0
2649	0
2650	0
2651	4.19334274
2652	0
2653	0
2654	0
2655	0
2656	0
2657	0
2658	0
2659	0
2660	0
2661	5.97470932
2662	0
2663	0
2664	18.1389988
2665	6.04982928
2666	27.9874663
2667	0
2668	0
2669	4.7722558
2670	0
2671	0
2672	0
2673	0
2674	0
2675	0
2676	0
2677	0
2678	0
2679	0
2680	12.3403593
2681	0
2682	2.92130768
2683	0
2684	0
2685	0
2686	0
2687	7.84696301
2688	0
2689	41.0376794
2690	0
2691	0
2692	0
2693	0
2694	0
2695	0
2696	0
2697	0
2698	0
2699	0
2700	0
2701	0
2702	0
2703	0
2704	0
2705	0
2706	0
2707	0
2708	0
2709	0
2710	0
2711	0
2712	0
2713	0
2714	0
2715	0
2716	0
2717	0
2718	0
2719	0
2720	0
2721	0
2722	0
2723	0
2724	0
2725	0
2726	0
2727	0
2728	0
2729	0
2730	20.1152005
2731	11.9661468
2732	0
2733	0
2734	0
2735	0
2736	0
2737	0
2738	0
2739	0
2740	0
2741	0
2742	0
2743	0
2744	0
2745	0
2746	0
2747	0
2748	0
2749	0
2750	0
2751	0
2752	7.45716944
2753	0
2754	0
2755	0
2756	0
2757	0
2758	0
2759	1.91926295
2760	0
2761	11.9527578
2762	0
2763	0
2764	0
2765	0
2766	0
2767	0
2768	0
2769	0
2770	0
2771	0
2772	0
2773	0
2774	0
2775	0
2776	0
2777	0
2778	0
2779	5.05115024
2780	0
2781	0
2782	0
2783	0
2784	0
2785	4.80414951
2786	0
2787	0
2788	5.04064396
2789	9.61418735
2790	0
2791	0
2792	0
2793	0
2794	0
2795	0
2796	0
2797	0
2798	0
2799	0
2800	0
2801	0
2802	0
2803	0
2804	7.60194988
2805	0
2806	0
2807	10.2437132
2808	0
2809	5.10075878
2810	0
2811	3.70307771
2812	12.1491778
2813	0
2814	0
2815	0
2816	0
2817	7.71777592
2818	34.1003923
2819	0
2820	0
2821	11.9739171
2822	13.6358332
2823	0
2824	0
2825	4.50789408
2826	0
2827	0
2828	0
2829	0
2830	0
2831	15.6676206
2832	14.9724851
2833	8.56044404
2834	0
2835	0
2836	5.07287934
2837	0
2838	0
2839	0
2840	0
2841	0
2842	0
2843	0
2844	0.542127854
2845	0
2846	0
2847	0
2848	0
2849	0
2850	0
2851	0
2852	0
2853	2.89062598
2854	4.19355537
2855	0
2856	0
2857	0
2858	0
2859	0
2860	0
2861	0
2862	0
2863	0
2864	0
2865	8.35659176
2866	0
2867	0
2868	0
2869	0
2870	4.55328237
2871	0
2872	0
2873	0
2874	0
2875	0
2876	0
2877	0
2878	4.12806631
2879	24.6336627
2880	0
2881	0
2882	0
2883	0
2884	8.7028865
2885	0
2886	0
2887	0
2888	0
2889	0
2890	0
2891	0
2892	1.80540657
2893	0
2894	0.71381193
2895	0
2896	5.31994648
2897	0
2898	5.05541051
2899	6.05617909
2900	6.77029812
2901	0
2902	0
2903	0
2904	12.3813759
2905	3.40529625
2906	2.58967595
2907	28.424381
2908	0
2909	0
2910	0
2911	2.81614495
2912	0
2913	10.1536713
2914	0
2915	8.13483482
2916	42.4330158
2917	0
2918	2.46142045
2919	13.1431105
2920	0
2921	0
2922	4.93231939
2923	4.81994451
2924	0
2925	0
2926	0
2927	0
2928	0
2929	0
2930	0
2931	0
2932	0
2933	0
2934	0
2935	0
2936	0
2937	0
2938	5.92952156
2939	0
2940	0
2941	0
2942	0
2943	4.56691814
2944	0
2945	0
2946	0
2947	5.30797321
2948	7.07478019
2949	0
2950	0
2951	4.56634728
2952	0
2953	0
2954	0
2955	0
2956	0
2957	0
2958	0
2959	0
2960	0
2961	1.86880304
2962	0
2963	5.89291954
2964	0
2965	0
2966	0
2967	0
2968	0
2969	0
2970	0
2971	0
2972	0
2973	3.11919592
2974	22.4486461
2975	0
2976	2.74505115
2977	0
2978	7.97557561
2979	0
2980	1.99177239
2981	0
2982	7.65134385
2983	0
2984	0
2985	7.83953879
2986	0
2987	7.84665368
2988	9.79631659
2989	0
2990	14.243568
2991	0
2992	0
2993	4.97841529
2994	0
2995	0
2996	0
2997	5.85197203
2998	0
2999	8.10272406
3000	3.35623854
3001	2.48831516
3002	0
3003	0
3004	0
3005	0
3006	15.9162813
3007	0
3008	0
3009	3.48889314
3010	0
3011	0
3012	14.4650233
3013	3.14126465
3014	3.94419145
3015	0
3016	16.0326137
3017	31.095857
3018	0
3019	4.0228566
3020	0
3021	0
3022	0
3023	3.915007
3024	0
3025	0
3026	2.23851335
3027	3.37204721
3028	3.17416425
3029	4.26117863
3030	0
3031	0
3032	4.01450141
3033	0
3034	0
3035	0
3036	0
3037	0
3038	0
3039	0
3040	0
3041	0
3042	0
3043	0
3044	0
3045	0
3046	0
3047	0
3048	0
3049	4.88796857
3050	0
3051	0
3052	0
3053	0
3054	0
3055	0
3056	3.58310334
3057	0
3058	0
3059	0
3060	0
3061	0
3062	0
3063	0
3064	0
3065	0
3066	0
3067	0
3068	0
3069	0
3070	0
3071	0
3072	0
3073	0
3074	0
3075	0
3076	0
3077	0
3078	0
3079	0
3080	0
3081	0
3082	0
3083	7.90430724
3084	0
3085	0
3086	0
3087	0
3088	0
3089	0
3090	0
3091	0
3092	0
3093	0
3094	0
3095	0
3096	0
3097	0
3098	0
3099	0
3100	0
3101	0
3102	0
3103	0
3104	0
3105	0
3106	0
3107	0
3108	0
3109	0
3110	0
3111	0
3112	0
3113	0
3114	0
3115	0
3116	0
3117	0
3118	0
3119	0
3120	0
3121	0
3122	0
3123	0
3124	0
3125	0
3126	0
3127	6.21266147
3128	0
3129	0
3130	0
3131	14.8174086
3132	0
3133	0
3134	0
3135	0
3136	0
3137	0
3138	0
3139	0
3140	0
3141	0
3142	0
3143	0
3144	8.92318752
3145	0
3146	5.08181938
3147	0
3148	0
3149	0
3150	11.1516464
3151	0
3152	0
3153	0
3154	0
3155	0
3156	0
3157	0
3158	0
3159	0
3160	0
3161	0
3162	0
3163	0
3164	0
3165	0
3166	0
3167	0
3168	0
3169	0
3170	0
3171	0
3172	0
3173	0
3174	0
3175	0
3176	0
3177	0
3178	0
3179	0
3180	0
3181	0
3182	0
3183	21.9375418
3184	0
3185	0
3186	0
3187	0
3188	0
3189	0
3190	0
3191	4.96699159
3192	0
3193	0
3194	0
3195	0
3196	0
3197	0
3198	0
3199	0
3200	0
3201	0
3202	0
3203	0
3204	0
3205	0
3206	0
3207	0
3208	0
3209	0
3210	15.4491017
3211	13.0191434
3212	6.13568847
3213	0
3214	0
3215	0
3216	0
3217	0
3218	6.52921258
3219	5.58006817
3220	3.29505627
3221	0
3222	0
3223	0
3224	0
3225	0
3226	12.9564891
3227	0
3228	0
3229	0
3230	0
3231	0
3232	0
3233	0
3234	0
3235	0
3236	0
3237	5.04753518
3238	0
3239	0
3240	4.50582591
3241	12.5930578
3242	0
3243	0
3244	3.09973497
3245	0
3246	0
3247	6.48133969
3248	0
3249	0
3250	2.10500187
3251	0
3252	8.29147599
3253	0
3254	0
3255	0
3256	8.62054469
3257	0
3258	0
3259	1.67796311
3260	0
3261	0
3262	0
3263	0
3264	0
3265	0
3266	0
3267	0
3268	0
3269	0
3270	0
3271	21.7358935
3272	0
3273	0
3274	0
3275	0
3276	7.18159859
3277	0
3278	3.11819802
3279	0
3280	0
3281	0
3282	8.21820861
3283	29.8267879
3284	0
3285	0
3286	0
3287	3.4780111
3288	0
3289	0
3290	0
3291	0
3292	0
3293	0
3294	0
3295	0
3296	0
3297	0
3298	0
3299	0
3300	0
3301	0
3302	0
3303	0
3304	0
3305	0
3306	0
3307	0
3308	0
3309	0
3310	0
3311	0
3312	0
3313	3.84698216
3314	13.506779
3315	0
3316	0
3317	0
3318	0
3319	5.84412537
3320	0
3321	0
3322	0
3323	0
3324	4.19727407
3325	4.00878151
3326	0
3327	0
3328	0
3329	0
3330	0
3331	0
3332	0
3333	0
3334	0
3335	0
3336	0
3337	0
3338	0
3339	0
3340	0
3341	0
3342	0
3343	0
3344	0
3345	0
3346	0
3347	0
3348	0
3349	0
3350	0
3351	0
3352	0
3353	0
3354	0
3355	0
3356	0
3357	0
3358	0
3359	0
3360	0
3361	0
3362	0
3363	0
3364	0
3365	0
3366	0
3367	0
3368	0
3369	0
3370	0
3371	0
3372	15.7553936
3373	0
3374	0
3375	6.31830263
3376	0
3377	15.7445094
3378	0
3379	0
3380	0
3381	0
3382	0
3383	0
3384	0
3385	0
3386	4.1779897
3387	3.70113176
3388	9.13559917
3389	15.5543759
3390	0
3391	0
3392	0
3393	0
3394	20.0208795
3395	0
3396	0
3397	0
3398	0
3399	0
3400	0
3401	0
3402	0
3403	0
3404	0
3405	0
3406	0
3407	0
3408	0
3409	0
3410	0
3411	0
3412	0
3413	0
3414	0
3415	0
3416	0
3417	0
3418	0
3419	0
3420	0
3421	0
3422	0
3423	0
3424	0
3425	0
3426	0
3427	0
3428	0
3429	0
3430	0
3431	0
3432	5.20085554
3433	0
3434	0
3435	0
3436	0
3437	0
3438	0
3439	0
3440	0
3441	0
3442	0
3443	6.41940073
3444	0
3445	12.9515471
3446	0
3447	1.66571917
3448	0
3449	0
3450	0
3451	0
3452	0
3453	0
3454	11.8170413
3455	0
3456	0
3457	0
3458	0
3459	0
3460	8.86833284
3461	0
3462	0
3463	0
3464	0
3465	0
3466	0
3467	0
3468	0
3469	0
3470	0
3471	0
3472	0
3473	0
3474	0
3475	0
3476	0
3477	0
3478	0
3479	0
3480	0
3481	0
3482	0
3483	8.5661597
3484	0
3485	0
3486	0
3487	0
3488	0
3489	0
3490	0
3491	0
3492	0
3493	0
3494	0
3495	0
3496	0
3497	5.01978645
3498	0
3499	4.42547304
3500	0
3501	0
3502	0
3503	0
3504	0
3505	0
3506	0
3507	0
3508	13.2391913
3509	0
3510	0
3511	0
3512	2.69088651
3513	3.65850645
3514	0
3515	0
3516	0
3517	0
3518	0
3519	0
3520	0
3521	0
3522	0
3523	0
3524	0
3525	0
3526	0
3527	0
3528	0
3529	0
3530	0
3531	0
3532	0
3533	0
3534	0
3535	0
3536	0
3537	0
3538	0
3539	0
3540	0
3541	18.364031
3542	0
3543	0
3544	0
3545	0
3546	0
3547	0
3548	0
3549	0
3550	0
3551	0
3552	0
3553	2.04779873
3554	0
3555	0
3556	0
3557	0
3558	11.0362675
3559	0
3560	0
3561	10.2096644
3562	0
3563	3.71051474
3564	10.5395151
3565	0
3566	4.25139209
3567	10.2462572
3568	0
3569	0
3570	0
3571	0
3572	0
3573	0
3574	0
3575	0
3576	0
3577	0
3578	0
3579	0
3580	0
3581	0
3582	0
3583	0
3584	0
3585	11.2966405
3586	0
3587	6.11425778
3588	0
3589	0
3590	0
3591	3.97784348
3592	0
3593	0
3594	4.35896009
3595	0
3596	3.72185091
3597	0
3598	0
3599	0
3600	0
3601	5.66261804
3602	0
3603	3.14847901
3604	0
3605	0
3606	0
3607	0
3608	0
3609	0
3610	0
3611	0
3612	0
3613	0
3614	0
3615	0
3616	0
3617	0
3618	0
3619	0
3620	0
3621	0
3622	0
3623	0
3624	0
3625	0
3626	0
3627	0
3628	2.59323508
3629	0
3630	0
3631	0
3632	0
3633	0
3634	0
3635	3.63972321
3636	2.52638684
3637	2.89802623
3638	0
3639	0
3640	0
3641	0
3642	0
3643	0
3644	0
3645	0
3646	0
3647	3.84596945
3648	0
3649	0
3650	0
3651	0
3652	6.02378354
3653	0
3654	0
3655	0
3656	0
3657	0
3658	0
3659	4.06176798
3660	0
3661	0
3662	0
3663	0
3664	0
3665	0
3666	0
3667	0
3668	0
3669	0
3670	0
3671	0
3672	0
3673	0
3674	7.38517757
3675	30.0242724
3676	0
3677	0
3678	13.8282183
3679	0
3680	0
3681	0
3682	0
3683	0
3684	0
3685	0
3686	0
3687	0
3688	0
3689	0
3690	0
3691	0
3692	0
3693	0
3694	0
3695	0
3696	0
3697	0
3698	0
3699	0
3700	0
3701	0
3702	0
3703	0
3704	2.01836477
3705	0
3706	0
3707	0
3708	0
3709	7.6155051
3710	0
3711	0
3712	0
3713	0
3714	0
3715	0
3716	0
3717	1.47685227
3718	21.2923517
3719	0
3720	0
3721	71.374676
3722	0
3723	0
3724	0
3725	0
3726	0
3727	0
3728	0
3729	0
3730	0
3731	7.78413904
3732	0
3733	0
3734	0
3735	0
3736	0
3737	0
3738	5.64100878
3739	0
3740	0
3741	7.81400093
3742	2.59121316
3743	0
3744	0
3745	0
3746	0
3747	0
3748	0
3749	0
3750	0
3751	0
3752	2.81377613
3753	1.83191198
3754	4.0669718
3755	0
3756	0
3757	7.38537138
3758	0
3759	0
3760	0
3761	0
3762	14.5038486
3763	0
3764	0
3765	0
3766	0
3767	0
3768	0
3769	0
3770	0
3771	0
3772	0
3773	0
3774	0
3775	9.98486631
3776	0
3777	0
3778	0
3779	11.9699613
3780	0
3781	0
3782	0
3783	0
3784	0
3785	0
3786	0
3787	0
3788	0
3789	0
3790	0
3791	0
3792	0
3793	0
3794	0
3795	0
3796	0
3797	0
3798	0
3799	0
3800	0
3801	5.63858253
3802	4.62114727
3803	0
3804	0
3805	0
3806	0
3807	0
3808	0
3809	0
3810	0
3811	0
3812	0
3813	0
3814	0
3815	0
3816	0
3817	0
3818	0
3819	0
3820	0
3821	0
3822	0
3823	0
3824	0
3825	0
3826	0
3827	0
3828	0
3829	0
3830	0
3831	0
3832	0
3833	0
3834	0
3835	0
3836	0
3837	0
3838	0
3839	0
3840	0
3841	0
3842	0
3843	0
3844	0
3845	0
3846	0
3847	0
3848	0
3849	0
3850	0
3851	0
3852	0
3853	0
3854	0
3855	0
3856	0
3857	0
3858	0
3859	0
3860	0
3861	0
3862	0
3863	0
3864	0
3865	0
3866	0
3867	0
3868	0
3869	0
3870	0
3871	0
3872	0
3873	20.4305341
3874	0
3875	0
3876	0
3877	0
3878	0
3879	5.69176976
3880	0
3881	0
3882	0
3883	0
3884	0
3885	0
3886	0
3887	0
3888	0
3889	0
3890	0
3891	0
3892	0
3893	0
3894	0
3895	0
3896	0
3897	0
3898	0
3899	28.5970719
3900	0
3901	0
3902	0
3903	0
3904	0
3905	0
3906	0
3907	0
3908	0
3909	0
3910	0
3911	0
3912	0
3913	0
3914	0
3915	0
3916	0
3917	0
3918	0
3919	0
3920	0
3921	0
3922	0
3923	0
3924	0
3925	0
3926	0
3927	0
3928	0
3929	0
3930	1.21026694
3931	0
3932	0
3933	0
3934	0
3935	0
3936	3.60253011
3937	0
3938	0
3939	0
3940	0
3941	0
3942	0
3943	0
3944	0
3945	0
3946	0
3947	0
3948	0
3949	0
3950	0
3951	0
3952	0
3953	0
3954	0
3955	0
3956	0
3957	0
3958	0
3959	0
3960	0
3961	0
3962	0
3963	0
3964	0
3965	0
3966	0
3967	0
3968	0
3969	0
3970	0
3971	0
3972	0
3973	0
3974	0
3975	0
3976	0
3977	7.70858349
3978	0
3979	0
3980	0
3981	0
3982	0
3983	0
3984	0
3985	0
3986	0
3987	0
3988	0
3989	0
3990	0
3991	0
3992	0
3993	0
3994	0
3995	0
3996	0
3997	0
3998	0
3999	0
4000	0
4001	0
4002	0
4003	0
4004	0
4005	0
4006	0
4007	0
4008	0
4009	0
4010	0
4011	0
4012	0
4013	0
4014	0
4015	0
4016	0
4017	0
4018	0
4019	0
4020	0
4021	0
4022	0
4023	0
4024	0
4025	0
4026	0
4027	0
4028	5.43909107
4029	0
4030	2.85373872
4031	0
4032	10.4342731
4033	6.91815608
4034	0
4035	0
4036	0
4037	5.34706522
4038	0
4039	0
4040	0
4041	0
4042	0
4043	0
4044	0
4045	0
4046	0
4047	0
4048	0
4049	0
4050	0
4051	0
4052	0
4053	0
4054	0
4055	0
4056	0
4057	0
4058	0
4059	0
4060	0
4061	0
4062	0
4063	0
4064	0
4065	0
4066	0
4067	0
4068	0
4069	0
4070	0
4071	0
4072	3.5118994
4073	0
4074	16.1533508
4075	0
4076	0
4077	0
4078	0
4079	0
4080	0
4081	0
4082	0
4083	0
4084	0
4085	0
4086	0
4087	0
4088	0
4089	0
4090	0
4091	0
4092	0
4093	0
4094	0
4095	0
4096	0
4097	0
4098	0
4099	0
4100	1.83854624
4101	0
4102	0
4103	20.2002342
4104	0
4105	0
4106	0
4107	0
4108	0
4109	0
4110	14.3059058
4111	0
4112	0
4113	0
4114	0
4115	0
4116	0
4117	0
4118	0
4119	0
4120	0
4121	0
4122	0
4123	0
4124	0
4125	0
4126	0
4127	8.03566781
4128	0
4129	0
4130	0
4131	0
4132	0
4133	0
4134	0
4135	0
4136	0
4137	0
4138	0
4139	0
4140	0
4141	0
4142	0
4143	0
4144	0
4145	0
4146	0
4147	0
4148	0
4149	0
4150	0
4151	0
4152	0
4153	0
4154	0
4155	3.50678157
4156	0
4157	0
4158	0
4159	0
4160	0
4161	0
4162	0
4163	0
4164	8.56899408
4165	0
4166	6.01979266
4167	0
4168	0
4169	5.97746226
4170	0
4171	0
4172	0
4173	0
4174	0
4175	0
4176	0
4177	0
4178	6.04482293
4179	0
4180	0
4181	0
4182	0
4183	0
4184	0
4185	6.41535123
4186	5.77174693
4187	0
4188	0
4189	0
4190	0
4191	0
4192	0
4193	0
4194	0
4195	0
4196	0
4197	0
4198	0
4199	0
4200	0
4201	0
4202	0
4203	0
4204	0
4205	0
4206	0
4207	0
4208	0
4209	0
4210	0
4211	0
4212	0
4213	0
4214	0
4215	0
4216	0
4217	0
4218	0
4219	0
4220	0
4221	0
4222	0
4223	0
4224	0
4225	5.38264876
4226	0
4227	0
4228	0
4229	0
4230	0
4231	0
4232	0
4233	0
4234	0
4235	0
4236	0
4237	0
4238	0
4239	0
4240	0
4241	0
4242	0
4243	0
4244	0
4245	0
4246	0
4247	0
4248	0
4249	0
4250	0
4251	0
4252	0
4253	0
4254	0
4255	0
4256	0
4257	0
4258	0
4259	0
4260	0
4261	2.26259919
4262	0
4263	0
4264	0
4265	0
4266	0
4267	0
4268	0
4269	0
4270	0
4271	0
4272	3.01347944
4273	0
4274	0
4275	0
4276	0
4277	0
4278	0
4279	0
4280	0
4281	0
4282	0
4283	0
4284	0
4285	0
4286	0
4287	0
4288	0
4289	0
4290	0
4291	0
4292	0
4293	0
4294	0
4295	0
4296	0
4297	0
4298	11.917764
4299	0
4300	0
4301	0
4302	0
4303	0
4304	0
4305	0
4306	0
4307	0
4308	0
4309	0
4310	0
4311	0
4312	0
4313	0
4314	0
4315	0
4316	0
4317	0
4318	0
4319	0
4320	13.1607898
4321	0
4322	0
4323	0
4324	0
4325	0
4326	0
4327	12.2756083
4328	1.96558446
4329	5.35910697
4330	1.42631791
4331	0
4332	0
4333	2.1048673
4334	4.52189459
4335	0
4336	3.79027238
4337	0
4338	2.64876755
4339	0
4340	7.14869392
4341	3.40098315
4342	0
4343	5.40043261
4344	0
4345	0
4346	0
4347	3.10837977
4348	1.68452445
4349	0
4350	0
4351	2.28219235
4352	0
4353	0
4354	5.03629445
4355	0
4356	0
4357	11.4921695
4358	0
4359	0
4360	0
4361	0
4362	0
4363	0
4364	0
4365	8.26968561
4366	0
4367	11.9418763
4368	0
4369	8.79757758
4370	0
4371	8.83313739
4372	0
4373	0
4374	3.14799498
4375	0
4376	3.47662839
4377	0
4378	0
4379	17.7013599
4380	17.9152837
4381	6.69919491
4382	0
4383	0
4384	9.78007843
4385	0
4386	0
4387	0
4388	0
4389	0
4390	6.00419856
4391	0
4392	0
4393	0
4394	10.5113556
4395	48.8440342
4396	2.49884536
4397	0
4398	9.28739
4399	0
4400	0
4401	2.30574059
4402	0
4403	0
4404	0
4405	0
4406	0
4407	3.64882651
4408	0
4409	0
4410	0
4411	0
4412	0
4413	0
4414	0
4415	20.4409455
4416	0
4417	5.32051396
4418	5.24707829
4419	0
4420	3.05300814
4421	16.2936664
4422	7.07148498
4423	0
4424	0
4425	0.972261077
4426	0
4427	0
4428	0
4429	4.7782498
4430	4.54922792
4431	0
4432	0
4433	0
4434	0
4435	26.6977936
4436	0
4437	149.695486
4438	0
4439	0
4440	0
4441	0
4442	0
4443	0
4444	0
4445	0
4446	0
4447	0
4448	0
4449	0
4450	0
4451	15.7446574
4452	0
4453	0
4454	0
4455	0
4456	0
4457	0
4458	0
4459	0
4460	0
4461	43.7471055
4462	0
4463	0
4464	0
4465	0
4466	0
4467	0
4468	0
4469	29.0337928
4470	0
4471	0
4472	0
4473	0
4474	0
4475	0
4476	0
4477	0
4478	0
4479	0
4480	0
4481	0
4482	0
4483	0
4484	0
4485	0
4486	0
4487	0
4488	0
4489	0
4490	0
4491	0
4492	0
4493	0
4494	0
4495	0
4496	0
4497	0
4498	2.43096489
4499	0
4500	0
4501	0
4502	0
4503	0
4504	4.86596765
4505	0
4506	0
4507	0
4508	0
4509	0
4510	0
4511	0
4512	0
4513	0
4514	4.27088531
4515	0
4516	0
4517	8.20079069
4518	0
4519	6.40274274
4520	2.06759318
4521	0
4522	0
4523	0
4524	0
4525	0
4526	0
4527	12.0115976
4528	0
4529	0
4530	0
4531	23.0244803
4532	0
4533	0
4534	0
4535	0
4536	4.92878807
4537	0
4538	0
4539	0
4540	0
4541	0
4542	0
4543	0
4544	0
4545	0
4546	0
4547	0
4548	0
4549	0
4550	0
4551	1.71684076
4552	0
4553	0
4554	0
4555	0
4556	0
4557	35.8899759
4558	0
4559	6.41144038
4560	0
4561	0
4562	0
4563	0
4564	0
4565	0
4566	8.68361997
4567	0
4568	11.9133611
4569	0
4570	0
4571	9.79002355
4572	0
4573	0
4574	0
4575	0
4576	5.60002575
4577	5.61829112
4578	0
4579	0
4580	6.10938044
4581	0
4582	0
4583	22.9474999
4584	0
4585	17.8538822
4586	4.87644748
4587	0
4588	0
4589	0
4590	3.74070696
4591	8.61469736
4592	0
4593	0
4594	0
4595	0
4596	0
4597	27.1355455
4598	6.91986482
4599	0
4600	0
4601	10.6974645
4602	0
4603	2.62611422
4604	0
4605	0
4606	0
4607	0
4608	0
4609	0
4610	0
4611	0
4612	0
4613	0
4614	0
4615	0
4616	3.72373011
4617	43.7264614
4618	0
4619	0
4620	0
4621	12.7639739
4622	0
4623	25.3445675
4624	0
4625	3.50956615
4626	0
4627	0
4628	0
4629	0
4630	0
4631	0
4632	0
4633	0
4634	0
4635	0
4636	0
4637	0
4638	0
4639	0
4640	0
4641	5.92162952
4642	0
4643	29.0136621
4644	0
4645	0
4646	0
4647	0
4648	2.28296746
4649	0
4650	0
4651	0
4652	0
4653	0
4654	2.06684287
4655	0
4656	3.84173134
4657	0
4658	0
4659	0
4660	0
4661	0
4662	0
4663	0
4664	0
4665	0
4666	0
4667	0
4668	0
4669	0
4670	0
4671	0
4672	1.94869399
4673	0
4674	0
4675	0
4676	0
4677	0
4678	0
4679	0
4680	8.81214509
4681	0
4682	0
4683	0
4684	0
4685	0
4686	0
4687	0
4688	0
4689	0
4690	4.83138615
4691	0
4692	0
4693	0
4694	5.35544687
4695	0
4696	0
4697	0
4698	0
4699	1.46270592
4700	5.41041192
4701	0
4702	20.1542165
4703	0
4704	0
4705	0
4706	0
4707	0
4708	0
4709	0
4710	9.1655796
4711	0
4712	3.84300881
4713	0
4714	0
4715	0
4716	6.56431289
4717	0
4718	0
4719	0
4720	0
4721	0
4722	0
4723	0
4724	0
4725	0
4726	0
4727	0
4728	0
4729	0
4730	0
4731	0
4732	0
4733	0
4734	4.67837922
4735	9.46796002
4736	0
4737	0
4738	0
4739	0
4740	0
4741	0
4742	0
4743	0
4744	0
4745	2.64276651
4746	0
4747	8.56907473
4748	15.7530495
4749	0
4750	0
4751	0
4752	0
4753	0
4754	0
4755	0
4756	8.28587525
4757	0
4758	0
4759	19.3297681
4760	0
4761	3.87215273
4762	9.5682265
4763	0
4764	0
4765	0
4766	0
4767	0
4768	0
4769	0
4770	0
4771	0
4772	22.5133403
4773	0
4774	0
4775	0
4776	0
4777	0
4778	0
4779	0
4780	0
4781	0
4782	0
4783	0
4784	0
4785	0
4786	0
4787	0
4788	0
4789	0
4790	0
4791	0
4792	0
4793	0
4794	0
4795	0
4796	0
4797	0
4798	0
4799	0
4800	0
4801	0
4802	0
4803	0
4804	0
4805	0
4806	0
4807	0
4808	0
4809	0
4810	0
4811	0
4812	0
4813	0
4814	0
4815	18.8902315
4816	0
4817	0
4818	0
4819	0
4820	0
4821	0
4822	0
4823	0
4824	0
4825	2.52295596
4826	20.3010781
4827	0
4828	0
4829	9.89042419
4830	0
4831	1.52650407
4832	0
4833	0
4834	0
4835	0
4836	0
4837	0
4838	4.74152088
4839	0
4840	0
4841	0
4842	0
4843	0
4844	0
4845	0.618042404
4846	0
4847	0
4848	0
4849	2.32471375
4850	0
4851	0
4852	0
4853	0
4854	0
4855	0
4856	82.558865
4857	0
4858	0
4859	0
4860	0
4861	0
4862	0
4863	0
4864	0
4865	0
4866	0
4867	0
4868	0
4869	0
4870	0
4871	0
4872	0
4873	0
4874	2.32646847
4875	5.0526749
4876	0
4877	0
4878	0
4879	0
4880	0
4881	0
4882	0
4883	0
4884	0
4885	0
4886	0
4887	0
4888	0
4889	0
4890	0
4891	0
4892	0
4893	8.54904717
4894	0
4895	0
4896	0
4897	0
4898	0
4899	9.73346381
4900	0
4901	0
4902	23.7106545
4903	0
4904	0
4905	0
4906	0
4907	0
4908	0
4909	0
4910	0
4911	0
4912	0
4913	0
4914	0
4915	9.84406703
4916	0
4917	0
4918	0
4919	0
4920	0
4921	0
4922	0
4923	0
4924	0
4925	0
4926	0
4927	0
4928	0
4929	0
4930	0
4931	20.2753662
4932	0
4933	0
4934	0
4935	0
4936	0
4937	0
4938	0
4939	0
4940	0
4941	0
4942	0
4943	0
4944	0
4945	0
4946	0
4947	0
4948	0
4949	0
4950	0
4951	0
4952	0
4953	0
4954	0
4955	0
4956	0
4957	0
4958	16.4635471
4959	0
4960	0
4961	0
4962	0
4963	0
4964	0
4965	4.52269602
4966	4.45289018
4967	0
4968	3.72590373
4969	0
4970	0
4971	0
4972	0
4973	0
4974	0
4975	0
4976	0
4977	0
4978	0
4979	0
4980	4.41707901
4981	0
4982	0
4983	0
4984	0
4985	0
4986	0
4987	0
4988	0
4989	0
4990	0
4991	0
4992	0
4993	0
4994	0
4995	0
4996	0
4997	0
4998	0
4999	8.15855504
5000	0
5001	0
5002	0
5003	0
5004	0
5005	0
5006	0
5007	0
5008	0
5009	0
5010	0
5011	0
5012	0
5013	0
5014	0
5015	0
5016	0
5017	0
5018	0
5019	6.77909344
5020	4.39881771
5021	0
5022	0
5023	0
5024	0
5025	0
5026	0
5027	0
5028	0
5029	0
5030	0
5031	0
5032	0
5033	0
5034	0
5035	0
5036	0
5037	0
5038	0
5039	2.8361056
5040	0
5041	0
5042	0
5043	0
5044	0
5045	0
5046	0
5047	0
5048	0
5049	0
5050	0
5051	0
5052	0
5053	0
5054	0
5055	0
5056	0
5057	0
5058	0
5059	0
5060	0
5061	0
5062	5.57248044
5063	0
5064	0
5065	0
5066	0
5067	0
5068	0
5069	0
5070	0
5071	4.45004069
5072	0
5073	0
5074	0
5075	0
5076	0
5077	0
5078	4.66134704
5079	0
5080	0
5081	0
5082	0
5083	0
5084	0
5085	0
5086	0
5087	0
5088	0
5089	0
5090	0
5091	0
5092	0
5093	0
5094	0
5095	0
5096	0
5097	0
5098	0
5099	0
5100	0
5101	0
5102	0
5103	0
5104	0
5105	0
5106	0
5107	0
5108	0
5109	34.4428243
5110	0
5111	0
5112	0
5113	0
5114	0
5115	0
5116	0
5117	4.0666937
5118	0
5119	0
5120	0
5121	0
5122	0
5123	0
5124	0
5125	0
5126	0
5127	0
5128	0
5129	0
5130	0
5131	3.27691998
5132	0
5133	0
5134	10.1437067
5135	0
5136	0
5137	0
5138	0
5139	0
5140	0
5141	0
5142	0
5143	0
5144	0
5145	8.79524665
5146	0
5147	0
5148	18.3813575
5149	0
5150	0
5151	0
5152	31.2547607
5153	0
5154	0
5155	3.63059516
5156	0
5157	0
5158	0
5159	0
5160	0
5161	0
5162	0
5163	0
5164	0
5165	0
5166	0
5167	0
5168	0
5169	0
5170	0
5171	0
5172	0
5173	0
5174	0
5175	0
5176	0
5177	0
5178	5.4612148
5179	0
5180	0
5181	0
5182	0
5183	0
5184	0
5185	0
5186	0
5187	0
5188	0
5189	0
5190	0
5191	0
5192	0
5193	0
5194	0
5195	0
5196	0
5197	0
5198	0
5199	0
5200	0
5201	0
5202	0
5203	0
5204	0
5205	0
5206	0
5207	0
5208	0
5209	3.74751263
5210	0
5211	0
5212	0
5213	0
5214	0
5215	0
5216	0
5217	0
5218	0
5219	0
5220	0
5221	0
5222	0
5223	0
5224	0
5225	0
5226	0
5227	0
5228	0
5229	0
5230	0
5231	0
5232	0
5233	0
5234	0
5235	0
5236	0
5237	0
5238	0
5239	0
5240	0
5241	0
5242	0
5243	0
5244	0
5245	0
5246	0
5247	0
5248	0
5249	0
5250	0
5251	0
5252	0
5253	11.2236367
5254	0
5255	0
5256	0
5257	0
5258	0
5259	0
5260	0
5261	0
5262	0
5263	0
5264	0
5265	0
5266	0
5267	0
5268	0
5269	0
5270	21.5039584
5271	0
5272	0
5273	0
5274	0
5275	0
5276	0
5277	0
5278	0
5279	0
5280	0
5281	0
5282	0
5283	0
5284	0
5285	0
5286	0
5287	0
5288	0
5289	0
5290	0
5291	0
5292	0
5293	0
5294	0
5295	0
5296	0
5297	0
5298	0
5299	0
5300	0
5301	0
5302	0
5303	0
5304	0
5305	0
5306	0
5307	0
5308	0
5309	0
5310	0
5311	0
5312	0
5313	0
5314	0
5315	0
5316	0
5317	0
5318	0
5319	0
5320	0
5321	0
5322	0
5323	0
5324	17.327306
5325	0
5326	0
5327	0
5328	0
5329	0
5330	0
5331	0
5332	0
5333	14.8505749
5334	0
5335	0
5336	0
5337	0
5338	0
5339	0
5340	0
5341	0
5342	0
5343	0
5344	0
5345	0
5346	0
5347	0
5348	0
5349	0
5350	0
5351	0
5352	0
5353	14.6092815
5354	0
5355	0
5356	0
5357	0
5358	0
5359	0
5360	0
5361	5.03981551
5362	0
5363	0
5364	0
5365	0
5366	0
5367	0
5368	0
5369	21.3266072
5370	0
5371	0
5372	0
5373	0
5374	0
5375	0
5376	0
5377	0
5378	0
5379	0
5380	0
5381	0
5382	0
5383	0
5384	0
5385	0
5386	0
5387	0
5388	0
5389	0
5390	0
5391	0
5392	0
5393	0
5394	0
5395	0
5396	0
5397	0
5398	0
5399	3.07707086
5400	0
5401	0
5402	0
5403	0
5404	0
5405	0
5406	0
5407	0
5408	0
5409	0
5410	0
5411	0
5412	0
5413	0
5414	0
5415	0
5416	0
5417	0
5418	0
5419	0
5420	0
5421	0
5422	0
5423	0
5424	0
5425	0
5426	0
5427	0
5428	0
5429	0
5430	0
5431	0
5432	0
5433	0
5434	0
5435	0
5436	0
5437	0
5438	0
5439	0
5440	0
5441	0
5442	0
5443	0
5444	0
5445	0
5446	0
5447	0
5448	0
5449	0
5450	0
5451	0
5452	0
5453	0
5454	0
5455	0
5456	0
5457	0
5458	0
5459	0
5460	0
5461	0
5462	0
5463	0
5464	0
5465	0
5466	0
5467	0
5468	0
5469	0
5470	0
5471	0
5472	0
5473	0
5474	0
5475	0
5476	0
5477	0
5478	0
5479	4.03216513
5480	0
5481	0
5482	0
5483	0
5484	0
5485	0
5486	0
5487	0
5488	0
5489	0
5490	0
5491	0
5492	0
5493	0
5494	0
5495	0
5496	0
5497	0
5498	0
5499	0
5500	0
5501	0
5502	0
5503	9.5851141
5504	0
5505	0
5506	0
5507	0
5508	0
5509	0
5510	0
5511	0
5512	0
5513	0
5514	1.26813197
5515	0
5516	0
5517	0
5518	0
5519	6.54893392
5520	0
5521	0
5522	0
5523	0
5524	0
5525	0
5526	0
5527	0
5528	0
5529	0
5530	0
5531	0
5532	0
5533	0
5534	0
5535	0
5536	0
5537	0
5538	0
5539	0
5540	0
5541	0
5542	0
5543	0
5544	0
5545	0
5546	0
5547	0
5548	0
5549	0
5550	0
5551	0
5552	15.6883237
5553	0
5554	26.5602128
5555	6.40824743
5556	0
5557	0
5558	0
5559	0
5560	0
5561	0
5562	0
5563	0
5564	0
5565	0
5566	0
5567	0
5568	0
5569	0
5570	0
5571	0
5572	0
5573	0
5574	0
5575	0
5576	0
5577	0
5578	0
5579	0
5580	0
5581	0
5582	0
5583	0
5584	0
5585	0
5586	0
5587	0
5588	0
5589	0
5590	0
5591	0
5592	0
5593	0
5594	0
5595	0
5596	0
5597	0
5598	0
5599	0
5600	0
5601	0
5602	0
5603	0
5604	0
5605	0
5606	0
5607	0
5608	0
5609	0
5610	0
5611	0
5612	0
5613	24.8042257
5614	0
5615	0
5616	0
5617	0
5618	0
5619	0
5620	0
5621	0
5622	0
5623	0
5624	0
5625	0
5626	0
5627	0
5628	0
5629	0
5630	0
5631	0
5632	0
5633	0
5634	0
5635	0
5636	0
5637	0
5638	0
5639	0
5640	0
5641	0
5642	0
5643	0
5644	0
5645	0
5646	0
5647	0
5648	0
5649	0
5650	0
5651	0
5652	0
5653	0
5654	0
5655	0
5656	0
5657	0
5658	0
5659	0
5660	4.66908668
5661	0
5662	0
5663	0
5664	0
5665	0
5666	0
5667	0
5668	0
5669	0
5670	0
5671	0
5672	0
5673	0
5674	0
5675	0
5676	0
5677	0
5678	0
5679	0
5680	0
5681	0
5682	0
5683	0
5684	0
5685	0
5686	0
5687	0
5688	0
5689	0
5690	0
5691	0
5692	0
5693	0
5694	0
5695	0
5696	0
5697	0
5698	0
5699	0
5700	0
5701	0
5702	0
5703	0
5704	0
5705	0
5706	0
5707	0
5708	0
5709	0
5710	0
5711	0
5712	0
5713	0
5714	0
5715	0
5716	0
5717	0
5718	0
5719	0
5720	0
5721	0
5722	0
5723	0
5724	0
5725	0
5726	0
5727	0
5728	0
5729	0
5730	0
5731	0
5732	0
5733	0
5734	0
5735	0
5736	0
5737	0
5738	0
5739	0
5740	0
5741	0
5742	0
5743	0
5744	0
5745	0
5746	0
5747	0
5748	0
5749	0
5750	0
5751	0
5752	0
5753	0
5754	0
5755	0
5756	0
5757	0
5758	0
5759	0
5760	0
5761	0
5762	0
5763	0
5764	0
5765	0
5766	0
5767	0
5768	0
5769	0
5770	0
5771	0
5772	0
5773	0
5774	0
5775	0
5776	0
5777	0
5778	0
5779	0
5780	0
5781	0
5782	0
5783	0
5784	0
5785	0
5786	0
5787	0
5788	0
5789	0
5790	0
5791	0
5792	26.0530707
5793	0
5794	0
5795	0
5796	0
5797	0
5798	0
5799	0
5800	0
5801	0
5802	0
5803	0
5804	0
5805	0
5806	0
5807	0
5808	0
5809	0
5810	0
5811	0
5812	0
5813	0
5814	0
5815	0
5816	0
5817	0
5818	0
5819	0
5820	0
5821	0
5822	0
5823	0
5824	0
5825	0
5826	0
5827	0
5828	0
5829	0
5830	1.73757093
5831	0
5832	0
5833	0
5834	0
5835	0
5836	0
5837	0
5838	0
5839	0
5840	0
5841	0
5842	0
5843	0
5844	0
5845	0
5846	0
5847	0
5848	0
5849	0
5850	0
5851	0
5852	0
5853	0
5854	0
5855	0
5856	0
5857	0
5858	0
5859	0
5860	0
5861	0
5862	0
5863	0
5864	0
5865	0
5866	0
5867	0
5868	0
5869	0
5870	0
5871	0
5872	0
5873	0
5874	0
5875	0
5876	0
5877	0
5878	0
5879	0
5880	0
5881	0
5882	2.13015307
5883	0
5884	0
5885	0
5886	0
5887	0
5888	0
5889	0
5890	0
5891	0
5892	0
5893	0
5894	0
5895	0
5896	0
5897	0
5898	5.20042134
5899	0
5900	0
5901	0
5902	0
5903	0
5904	0
5905	0
5906	0
5907	0
5908	0
5909	0
5910	0
5911	0
5912	0
5913	0
5914	0
5915	0
5916	0
5917	0
5918	0
5919	0
5920	0
5921	0
5922	0
5923	0
5924	0
5925	0
5926	0
5927	0
5928	0
5929	0
5930	0
5931	0
5932	0
5933	0
5934	0
5935	0
5936	0
5937	0
5938	0
5939	0
5940	0
5941	0
5942	0
5943	0
5944	0
5945	0
5946	0
5947	0
5948	0
5949	0
5950	0
5951	0
5952	0
5953	0
5954	26.1591406
5955	0
5956	0
5957	0
5958	0
5959	0
5960	0
5961	0
5962	0
5963	0
5964	0
5965	0
5966	0
5967	0
5968	0
5969	0
5970	0
5971	0
5972	0
5973	0
5974	0
5975	0
5976	0
5977	0
5978	0
5979	0
5980	0
5981	8.55088747
5982	40.1122837
5983	0
5984	0
5985	0
5986	0
5987	0
5988	0
5989	0
5990	0
5991	0
5992	0
5993	0
5994	0
5995	0
5996	0
5997	0
5998	0
5999	0
6000	2.39988494
6001	0
6002	0
6003	0
6004	8.40976569
6005	0
6006	0
6007	0
6008	0
6009	0
6010	0
6011	0
6012	0
6013	0
6014	0
6015	0
6016	0
6017	0
6018	0
6019	0
6020	0
6021	0
6022	0
6023	0
6024	0
6025	0
6026	0
6027	0
6028	0
6029	0
6030	0
6031	0
6032	0
6033	0
6034	0
6035	0
6036	0
6037	0
6038	0
6039	0
6040	0
6041	0
6042	0
6043	0
6044	0
6045	0
6046	0
6047	0
6048	0
6049	0
6050	0
6051	0
6052	0
6053	0
6054	0
6055	0
6056	0
6057	0
6058	0
6059	0
6060	0
6061	0
6062	0
6063	0
6064	0
6065	0
6066	0
6067	0
6068	0
6069	0
6070	0
6071	0
6072	0
6073	0
6074	0
6075	0
6076	0
6077	0
6078	0
6079	0
6080	0
6081	0
6082	0
6083	0
6084	51.6393684
6085	0
6086	0
6087	0
6088	0
6089	0
6090	0
6091	0
6092	0
6093	0
6094	0
6095	0
6096	0
6097	0
6098	0
6099	0
6100	0
6101	0
6102	0
6103	0
6104	0
6105	0
6106	0
6107	0
6108	0
6109	0
6110	3.61641897
6111	0
6112	0
6113	0
6114	0
6115	0
6116	0
6117	0
6118	0
6119	0
6120	0
6121	0
6122	0
6123	0
6124	0
6125	0
6126	0
6127	0
6128	0
6129	0
6130	0
6131	0
6132	0
6133	0
6134	0
6135	0
6136	0
6137	0
6138	0
6139	0
6140	0
6141	0
6142	0
6143	0
6144	0
6145	0
6146	0
6147	0
6148	14.7792468
6149	0
6150	0
6151	0
6152	0
6153	0
6154	0
6155	0
6156	0
6157	0
6158	0
6159	0
6160	0
6161	0
6162	0
6163	0
6164	0
6165	0
6166	0
6167	0
6168	0
6169	0
6170	0
6171	0
6172	0
6173	0
6174	0
6175	0
6176	0
6177	0
6178	0
6179	0
6180	0
6181	0
6182	0
6183	0
6184	0
6185	0
6186	0
6187	0
6188	0
6189	0
6190	0
6191	0
6192	0
6193	0
6194	0
6195	0
6196	0
6197	0
6198	0
6199	0
6200	0
6201	0
6202	0
6203	0
6204	0
6205	0
6206	0
6207	0
6208	0
6209	0
6210	0
6211	0
6212	0
6213	0
6214	0
6215	0
6216	0
6217	0
6218	0
6219	0
6220	0
6221	0
6222	0
6223	0
6224	0
6225	0
6226	0
6227	0
6228	0
6229	0
6230	0
6231	0
6232	0
6233	0
6234	0
6235	0
6236	0
6237	0
6238	0
6239	0
6240	0
6241	0
6242	0
6243	0
6244	0
6245	0
6246	0
6247	0
6248	0
6249	0
6250	0
6251	0
6252	0
6253	0
6254	0
6255	0
6256	0
6257	0
6258	0
6259	0
6260	0
6261	0
6262	0
6263	0
6264	0
6265	0
6266	0
6267	0
6268	0
6269	0
6270	0
6271	0
6272	0
6273	0
6274	0
6275	0
6276	0
6277	0
6278	0
6279	0
6280	0
6281	0
6282	0
6283	0
6284	0
6285	0
6286	0
6287	0
6288	0
6289	0
6290	0
6291	0
6292	31.1713361
6293	0
6294	0
6295	0
6296	0
6297	0
6298	0
6299	0
6300	0
6301	0
6302	0
6303	0
6304	0
6305	0
6306	0
6307	0
6308	0
6309	0
6310	0
6311	0
6312	0
6313	0
6314	0
6315	0
6316	0
6317	0
6318	0
6319	0
6320	0
6321	10.1277669
6322	0
6323	0
6324	0
6325	0
6326	0
6327	0
6328	0
6329	0
6330	0
6331	0
6332	0
6333	0
6334	0
6335	0
6336	0
6337	0
6338	0
6339	0
6340	0
6341	0
6342	0
6343	0
6344	0
6345	0
6346	0
6347	0
6348	0
6349	0
6350	0
6351	0
6352	0
6353	0
6354	0
6355	0
6356	0
6357	0
6358	0
6359	0
6360	10.7296725
6361	0
6362	0
6363	0
6364	0
6365	0
6366	0
6367	0
6368	0
6369	0
6370	0
6371	0
6372	0
6373	0
6374	0
6375	0
6376	0
6377	0
6378	0
6379	0
6380	0
6381	0
6382	0
6383	0
6384	0
6385	0
6386	0
6387	0
6388	0
6389	0
6390	0
6391	0
6392	0
6393	0
6394	0
6395	0
6396	0
6397	0
6398	0
6399	0
6400	0
6401	0
6402	0
6403	0
6404	0
6405	0
6406	0
6407	0
6408	0
6409	0
6410	0
6411	0
6412	0
6413	0
6414	0
6415	0
6416	0
6417	0
6418	0
6419	0
6420	0
6421	0
6422	0
6423	0
6424	0
6425	0
6426	0
6427	0
6428	0
6429	0
6430	0
6431	0
6432	0
6433	0
6434	0
6435	0
6436	0
6437	0
6438	0
6439	0
6440	0
6441	0
6442	0
6443	0
6444	0
6445	0
6446	0
6447	0
6448	0
6449	0
6450	0
6451	0
6452	0
6453	0
6454	0
6455	0
6456	0
6457	0
6458	0
6459	0
6460	0
6461	0
6462	0
6463	0
6464	0
6465	0
6466	0
6467	0
6468	0
6469	0
6470	0
6471	0
6472	0
6473	0
6474	1.5284814
6475	0
6476	0
6477	0
6478	0.60994277
6479	0
6480	0
6481	5.60543515
6482	0
6483	8.40288297
6484	0
6485	0
6486	0
6487	6.49962848
6488	12.5111268
6489	4.18421178
6490	0
6491	1.0104822
6492	6.19009938
6493	0
6494	0
6495	1.12209994
6496	0
6497	3.46699278
6498	0
6499	8.01264592
6500	0
6501	8.84023162
6502	0
6503	15.6017808
6504	0
6505	40.7427388
6506	0
6507	12.8982711
6508	4.19175093
6509	0
6510	0
6511	0
6512	3.72706476
6513	0
6514	7.64970834
6515	0
6516	0
6517	15.8710912
6518	0
6519	33.7845438
6520	0
6521	11.1856553
6522	0
6523	0
6524	70.3070515
6525	0
6526	2.79986576
6527	0
6528	0
6529	0
6530	22.1141711
6531	1.33350164
6532	0
6533	0
6534	60.8552936
6535	43.1081536
6536	0
6537	39.1124539
6538	0
6539	39.3248666
6540	3.63044157
6541	0
6542	22.3890709
6543	0
6544	0
6545	2.16604999
6546	0
6547	171.637583
6548	0
6549	8.03280359
6550	0
6551	0
6552	0
6553	5.82399897
6554	12.6588959
6555	0
6556	23.3850996
6557	0
6558	21.1236863
6559	0
6560	0
6561	19.5073821
6562	17.9199941
6563	0
6564	0
6565	5.16392152
6566	0
6567	4.21970341
6568	0
6569	10.645309
6570	0
6571	0
6572	17.5889223
6573	0
6574	0
6575	4.45104825
6576	77.0877291
6577	0
6578	196.872104
6579	0
6580	0
6581	0
6582	0
6583	47.6848541
6584	0
6585	7.99903664
6586	0
6587	0
6588	0
6589	3.85263998
6590	72.5010382
6591	0
6592	20.1503374
6593	0
6594	35.4698793
6595	0
6596	0
6597	18.7091485
6598	0
6599	0
6600	50.9192614
6601	0
6602	3.39018414
6603	0
6604	60.935553
6605	0
6606	32.5619053
6607	0
6608	28.6565755
6609	11.8208772
6610	0
6611	115.797277
6612	0
6613	0
6614	0
6615	8.07011096
6616	0
6617	0
6618	0
6619	4.01196441
6620	0
6621	0
6622	8.03998375
6623	11.347127
6624	0
6625	0
6626	0
6627	0
6628	23.549544
6629	0
6630	23.8749354
6631	0
6632	0
6633	1.39291281
6634	0
6635	3.16106644
6636	0
6637	11.970642
6638	0
6639	0
6640	0
6641	0
6642	2.32539107
6643	0
6644	0
6645	0
6646	0
6647	0
6648	0
6649	2.65522349
6650	4.3936355
6651	0
6652	4.27999426
6653	0
6654	0
6655	0
6656	4.38898029
6657	0
6658	10.3610939
6659	0
6660	0
6661	4.13092688
6662	0
6663	0
6664	0
6665	0
6666	0
6667	0
6668	0
6669	0
6670	0
6671	0
6672	29.7447584
6673	0
6674	0
6675	8.24364303
6676	0
6677	0
6678	0
6679	0
6680	0
6681	0
6682	0
6683	0
6684	0
6685	0
6686	0
6687	0
6688	0
6689	0
6690	0
6691	0
6692	0
6693	7.91988065
6694	0
6695	0
6696	0
6697	0
6698	0
6699	14.6841926
6700	0
6701	0
6702	0
6703	0
6704	7.89685322
6705	0
6706	0
6707	0
6708	6.35023905
6709	10.172828
6710	0
6711	2.03487559
6712	0
6713	24.8968358
6714	0
6715	0
6716	11.0352127
6717	2.64449856
6718	0
6719	0
6720	2.60295212
6721	0
6722	0
6723	0
6724	0
6725	0
6726	0
6727	0
6728	0
6729	0
6730	2.84325935
6731	0
6732	0
6733	0
6734	0
6735	0
6736	0
6737	13.5022119
6738	0
6739	0
6740	0
6741	15.8990741
6742	0
6743	0
6744	4.14181875
6745	0
6746	0
6747	0
6748	0
6749	0
6750	2.83769601
6751	0
6752	0
6753	19.8001676
6754	0
6755	0
6756	0
6757	4.0313516
6758	0
6759	0
6760	0
6761	0
6762	1.58063667
6763	0
6764	12.0486159
6765	0
6766	0
6767	0
6768	0
6769	0
6770	0
6771	0
6772	0
6773	0
6774	0
6775	0
6776	0
6777	0
6778	0
6779	0
6780	0
6781	0
6782	0
6783	0
6784	0
6785	0
6786	0
6787	0
6788	0
6789	0
6790	0
6791	0
6792	0
6793	0
6794	0
6795	0
6796	0
6797	0
6798	0
6799	0
6800	0
6801	0
6802	12.5852353
6803	0
6804	0
6805	0
6806	0
6807	0
6808	0
6809	0
6810	0
6811	0
6812	0
6813	0
6814	0
6815	0
6816	0
6817	0
6818	0
6819	0
6820	0
6821	0
6822	28.659045
6823	0
6824	0
6825	0
6826	0
6827	0
6828	0
6829	0
6830	0
6831	0
6832	0
6833	0
6834	0
6835	0
6836	0
6837	0
6838	0
6839	0
6840	0
6841	0
6842	0
6843	0
6844	0
6845	0
6846	0
6847	0
6848	0
6849	0
6850	0
6851	0
6852	0
6853	0
6854	0
6855	0
6856	0
6857	0
6858	0
6859	0
6860	0
6861	0
6862	0
6863	0
6864	0
6865	0
6866	0
6867	0
6868	0
6869	0
6870	0
6871	0
6872	0
6873	0
6874	0
6875	0
6876	0
6877	0
6878	0
6879	0
6880	0
6881	0
6882	0
6883	0
6884	0
6885	0
6886	0
6887	0
6888	0
6889	0
6890	0
6891	0
6892	0
6893	0
6894	0
6895	0
6896	0
6897	0
6898	0
6899	0
6900	0
6901	0
6902	0
6903	0
6904	0
6905	0
6906	0
6907	0
6908	0
6909	0
6910	0
6911	0
6912	0
6913	0
6914	0
6915	0
6916	0
6917	0
6918	0
6919	0
6920	0
6921	0
6922	0
6923	0
6924	0
6925	0
6926	0
6927	0
6928	0
6929	0
6930	0
6931	0
6932	4.69372868
6933	0
6934	0
6935	0
6936	0
6937	0
6938	0
6939	23.744281
6940	0
6941	0
6942	0
6943	0
6944	0
6945	0
6946	0
6947	0
6948	0
6949	0
6950	0
6951	0
6952	0
6953	0
6954	0
6955	0
6956	0
6957	0
6958	0
6959	0
6960	0
6961	0
6962	0
6963	0
6964	0
6965	0
6966	0
6967	0
6968	0
6969	0
6970	0
6971	0
6972	0
6973	12.2219464
6974	0
6975	0
6976	0
6977	0
6978	0
6979	0
6980	0
6981	0
6982	0
6983	0
6984	0
6985	0
6986	0
6987	0
6988	0
6989	0
6990	0
6991	0
6992	0
6993	0
6994	34.8642052
6995	0
6996	0
6997	0
6998	0
6999	0
7000	0
7001	0
7002	0
7003	0
7004	0
7005	0
7006	0
7007	0
7008	1.68530692
7009	0
7010	9.68668422
7011	23.6366049
7012	7.17473786
7013	11.0074574
7014	0
7015	0
7016	0
7017	3.71059132
7018	0
7019	3.16644044
7020	15.5657509
7021	0
7022	0
7023	37.1793425
7024	1.36608835
7025	0
7026	0
7027	0
7028	0
7029	31.7512595
7030	0
7031	7.44549222
7032	22.4154441
7033	0
7034	21.0988112
7035	0
7036	33.385898
7037	19.2478359
7038	0
7039	10.4403095
7040	0
7041	0
7042	0
7043	0
7044	8.6433598
7045	0
7046	0
7047	0
7048	2.81928792
7049	0
7050	0
7051	5.51832011
7052	2.19681775
7053	0
7054	0
7055	0
7056	2.96860394
7057	4.61364509
7058	0
7059	0
7060	0
7061	0
7062	0
7063	8.21145536
7064	5.97486194
7065	0
7066	0
7067	0
7068	4.94209136
7069	20.6619976
7070	0
7071	0
7072	7.50475949
7073	0
7074	3.11083776
7075	8.85321002
7076	0
7077	0
7078	0
7079	0
7080	0
7081	0
7082	0
7083	0
7084	2.2465595
7085	4.73096333
7086	0
7087	0
7088	0
7089	0
7090	0
7091	0
7092	0
7093	0
7094	7.80545705
7095	3.01561687
7096	0
7097	0
7098	2.76347445
7099	0
7100	0
7101	0
7102	0
7103	0
7104	0
7105	1.85048108
7106	7.12287316
7107	1.48111366
7108	0
7109	0
7110	0
7111	0
7112	0
7113	0
7114	0
7115	0
7116	0
7117	0
7118	0
7119	0
7120	0
7121	0
7122	0
7123	0
7124	0
7125	0
7126	0
7127	0
7128	0
7129	0
7130	0
7131	0
7132	0
7133	0
7134	0
7135	0
7136	2.77765463
7137	0
7138	7.38116789
7139	0
7140	0
7141	0
7142	15.5374758
7143	0
7144	0
7145	0
7146	0
7147	0
7148	0
7149	0
7150	0
7151	0
7152	0
7153	0
7154	0
7155	0
7156	0
7157	0
7158	0
7159	0
7160	0
7161	0
7162	0
7163	0
7164	0
7165	0
7166	0
7167	0
7168	0
7169	0
7170	0
7171	0
7172	0
7173	0
7174	0
7175	0
7176	0
7177	0
7178	0
7179	0
7180	0
7181	0
7182	0
7183	0
7184	0
7185	0
7186	0
7187	0
7188	0
7189	0
7190	0
7191	0
7192	0
7193	0
7194	0
7195	0
7196	0
7197	0
7198	0
7199	0
7200	0
7201	0
7202	0
7203	0
7204	0
7205	0
7206	0
7207	0
7208	0
7209	0
7210	0
7211	0
7212	0
7213	0
7214	0
7215	0
7216	0
7217	0
7218	0
7219	0
7220	0
7221	0
7222	0
7223	0
7224	0
7225	0
7226	0
7227	0
7228	0
7229	0
7230	0
7231	0
7232	0
7233	0
7234	0
7235	0
7236	0
7237	0
7238	0
7239	0
7240	0
7241	0
7242	0
7243	0
7244	0
7245	0
7246	0
7247	0
7248	0
7249	0
7250	0
7251	0
7252	0
7253	0
7254	0
7255	0
7256	0
7257	0
7258	0
7259	0
7260	0
7261	0
7262	0
7263	0
7264	0
7265	0
7266	0
7267	0
7268	0
7269	0
7270	0
7271	0
7272	0
7273	0
7274	0
7275	0
7276	0
7277	0
7278	0
7279	0
7280	0
7281	3.80904814
7282	0
7283	0
7284	0
7285	0
7286	0
7287	0
7288	0
7289	0
7290	0
7291	0
7292	0
7293	0
7294	0
7295	0
7296	0
7297	0
7298	0
7299	0
7300	0
7301	0
7302	0
7303	0
7304	0
7305	0
7306	0
7307	0
7308	0
7309	0
7310	0
7311	0
7312	0
7313	0
7314	0
7315	0
7316	0
7317	0
7318	0
7319	0
7320	0
7321	0
7322	0
7323	0
7324	8.7847486
7325	0
7326	0
7327	0
7328	0
7329	0
7330	0
7331	0
7332	0
7333	0
7334	0
7335	0
7336	0
7337	0
7338	0
7339	0
7340	0
7341	0
7342	0
7343	0
7344	2.04715337
7345	0
7346	0
7347	0
7348	0
7349	0
7350	0
7351	0
7352	0
7353	0
7354	0
7355	0
7356	0
7357	0
7358	0
7359	0
7360	0
7361	0
7362	0
7363	0
7364	0
7365	0
7366	0
7367	0
7368	0
7369	0
7370	0
7371	0
7372	0
7373	0
7374	0
7375	0
7376	0
7377	0
7378	0
7379	0
7380	0
7381	0
7382	0
7383	0
7384	0
7385	0
7386	0
7387	0
7388	0
7389	0
7390	0
7391	0
7392	0
7393	0
7394	0
7395	0
7396	0
7397	0
7398	0
7399	0
7400	0
7401	9.85329153
7402	0
7403	0
7404	0
7405	0
7406	2.92333474
7407	0
7408	0
7409	0
7410	0
7411	0
7412	0
7413	5.1679194
7414	0
7415	0
7416	0
7417	0
7418	0
7419	0
7420	0
7421	0
7422	0
7423	0
7424	6.3002252
7425	0
7426	7.75788902
7427	0
7428	0
7429	0
7430	4.02253407
7431	0
7432	0
7433	0
7434	0
7435	4.85368593
7436	4.48436168
7437	0
7438	1.83991178
7439	0
7440	0
7441	0
7442	0
7443	0
7444	4.75717269
7445	0
7446	0
7447	2.05150155
7448	0
7449	0
7450	0
7451	0
7452	4.14564587
7453	0
7454	3.45307422
7455	0
7456	3.87058365
7457	0
7458	0
7459	0
7460	0
7461	0
7462	0
7463	0
7464	0
7465	4.89051321
7466	0
7467	0
7468	0
7469	0
7470	0
7471	0
7472	0
7473	0
7474	0
7475	0
7476	4.4182497
7477	0
7478	0
7479	0
7480	4.85127921
7481	0
7482	0
7483	0
7484	0
7485	0
7486	0
7487	0
7488	10.9457081
7489	0
7490	0
7491	0
7492	0
7493	0
7494	0
7495	0
7496	0
7497	0
7498	0
7499	0
7500	0
7501	0
7502	0
7503	0
7504	0
7505	0
7506	2.90331927
7507	0
7508	7.34845389
7509	0
7510	0
7511	10.2665372
7512	0
7513	0
7514	0
7515	28.5591244
7516	0
7517	0
7518	0
7519	0
7520	0
7521	0
7522	30.532018
7523	0
7524	7.4041398
7525	0
7526	0
7527	0
7528	7.49181052
7529	12.5147708
7530	0
7531	0
7532	0
7533	0
7534	5.02630913
7535	0
7536	7.35977712
7537	0
7538	0
7539	16.0644807
7540	0
7541	0
7542	7.23429623
7543	0
7544	0
7545	0
7546	7.34795864
7547	15.3996008
7548	0
7549	4.42423401
7550	0
7551	0
7552	0
7553	0
7554	0
7555	0
7556	0
7557	0
7558	0
7559	0
7560	0
7561	0
7562	0
7563	0
7564	0
7565	0
7566	0
7567	0
7568	0
7569	0
7570	0
7571	4.21228659
7572	0
7573	4.3538338
7574	0
7575	0
7576	0
7577	0
7578	0
7579	0
7580	0
7581	0
7582	5.43825184
7583	0
7584	0
7585	0
7586	0
7587	0
7588	0
7589	0
7590	6.20394451
7591	0
7592	9.61072671
7593	0
7594	0
7595	0
7596	0.896611581
7597	22.7034157
7598	0
7599	0
7600	0
7601	0
7602	0
7603	0
7604	0
7605	0
7606	0
7607	0
7608	0
7609	0
7610	0.97038824
7611	0
7612	0
7613	0
7614	5.43872507
7615	0
7616	0
7617	0
7618	0
7619	0
7620	0
7621	0
7622	0
7623	0
7624	0
7625	0
7626	19.1418708
7627	0
7628	9.197963
7629	0
7630	0
7631	0
7632	0
7633	0
7634	0
7635	0
7636	0
7637	6.03848189
7638	0
7639	71.323706
7640	0
7641	0
7642	0
7643	0
7644	0
7645	0
7646	0
7647	0
7648	33.0723093
7649	0
7650	0
7651	0
7652	0
7653	15.3304809
7654	9.14279337
7655	0
7656	0
7657	9.47610559
7658	0
7659	0
7660	31.0924919
7661	0
7662	0
7663	0
7664	0
7665	0
7666	0
7667	0
7668	0
7669	0
7670	0
7671	0
7672	0
7673	0
7674	0
7675	0
7676	43.90592
7677	36.9915208
7678	0
7679	0
7680	23.7786655
7681	0
7682	0
7683	0
7684	28.5630314
7685	0
7686	0
7687	0
7688	0
7689	0
7690	0
7691	19.6348638
7692	0
7693	0
7694	0
7695	41.5635407
7696	0
7697	0
7698	0
7699	0
7700	0
7701	0
7702	0
7703	0
7704	0
7705	0
7706	0
7707	0
7708	0
7709	0
7710	2.35417607
7711	0
7712	0
7713	0
7714	0
7715	0
7716	0
7717	0
7718	0
7719	0
7720	0
7721	0
7722	0
7723	0
7724	0
7725	0
7726	0
7727	0
7728	0
7729	0
7730	0
7731	0
7732	76.9953777
7733	0
7734	0
7735	0
7736	0
7737	0
7738	0
7739	0
7740	0
7741	0
7742	0
7743	0
7744	0
7745	0
7746	0
7747	0
7748	12.80802
7749	0
7750	0
7751	0
7752	0
7753	0
7754	0
7755	26.788611
7756	0
7757	0
7758	68.2562168
7759	0
7760	0
7761	0
7762	0
7763	0
7764	0
7765	0
7766	0
7767	0
7768	0
7769	0
7770	0
7771	0
7772	0
7773	0
7774	0
7775	0
7776	0
7777	0
7778	0
7779	0
7780	0
7781	10.2451954
7782	0
7783	0
7784	0
7785	0
7786	0
7787	15.004555
7788	0
7789	34.5396263
7790	0
7791	0
7792	0
7793	0
7794	0
7795	0
7796	0
7797	0
7798	0
7799	0
7800	0
7801	26.5979541
7802	0
7803	0
7804	0
7805	0
7806	61.4198483
7807	0
7808	0
7809	0
7810	0
7811	0
7812	0
7813	0
7814	0
7815	0
7816	0
7817	0
7818	0
7819	0
7820	40.1945731
7821	0
7822	0
7823	0
7824	88.8583248
7825	0
7826	0
7827	0
7828	0
7829	0
7830	0
7831	0
7832	0
7833	0
7834	0
7835	1.25532443
7836	0
7837	0
7838	0
7839	0
7840	15.3728692
7841	0
7842	0
7843	0
7844	0
7845	46.9884921
7846	0
7847	0
7848	0
7849	0
7850	0
7851	0
7852	0
7853	0
7854	0
7855	0
7856	0
7857	0
7858	0
7859	0
7860	0
7861	0
7862	0
7863	0
7864	0
7865	0
7866	0
7867	31.369959
7868	0
7869	18.2444979
7870	0
7871	39.294404
7872	0
7873	0
7874	0
7875	0
7876	0
7877	0
7878	0
7879	0
7880	2.57369192
7881	0
7882	0
7883	0
7884	0
7885	6.42295442
7886	0
7887	0
7888	0
7889	0
7890	0
7891	0
7892	0
7893	41.0131874
7894	0
7895	0
7896	14.6998744
7897	0
7898	0
7899	0
7900	0
7901	0
7902	0
7903	0
7904	0
7905	0
7906	0
7907	0
7908	0
7909	0
7910	0
7911	0
7912	0
7913	3.13295905
7914	0
7915	0
7916	0
7917	0
7918	52.1765164
7919	0
7920	0
7921	0
7922	0
7923	0
7924	0
7925	0
7926	0
7927	0
7928	0
7929	0
7930	3.04868365
7931	0
7932	0
7933	0
7934	0
7935	0
7936	0
7937	0
7938	0
7939	0
7940	8.16356818
7941	0
7942	23.1064242
7943	0
7944	0
7945	0
7946	0
7947	0
7948	0
7949	12.4589035
7950	0
7951	37.5641266
7952	0
7953	0
7954	0
7955	21.1507632
7956	0
7957	54.2421416
7958	0
7959	0
7960	0
7961	0
7962	0
7963	0
7964	0
7965	0
7966	0
7967	0
7968	0
7969	0
7970	0
7971	0
7972	5.03618107
7973	0
7974	0
7975	0
7976	25.5568305
7977	0
7978	39.4189813
7979	0
7980	0
7981	0
7982	20.9307904
7983	0
7984	0
7985	0
7986	0
7987	67.8222412
7988	0
7989	0
7990	16.4943171
7991	0
7992	0
7993	0
7994	0
7995	0
7996	0
7997	0
7998	0
7999	28.3533737
8000	0
8001	0
8002	0
8003	0
8004	0
8005	0
8006	0
8007	4.5998808
8008	0
8009	0
8010	27.1285013
8011	26.8848762
8012	0
8013	0
8014	22.7857639
8015	0
8016	0
8017	0
8018	0
8019	61.0361414
8020	0
8021	46.2960191
8022	0
8023	0
8024	0
8025	0
8026	0
8027	0
8028	0
8029	0
8030	0
8031	0
8032	0
8033	0
8034	0
8035	0
8036	0
8037	0
8038	0
8039	0
8040	0
8041	0
8042	5.06169243
8043	0
8044	18.4582333
8045	0
8046	0
8047	0
8048	0
8049	0
8050	0
8051	0
8052	3.50293397
8053	0
8054	0
8055	0
8056	0
8057	0
8058	0
8059	0
8060	0
8061	0
8062	0
8063	0
8064	0
8065	0
8066	0
8067	0
8068	0
8069	0
8070	0
8071	0
8072	0
8073	0
8074	41.4410623
8075	0
8076	0
8077	0
8078	0
8079	0
8080	0
8081	0
8082	0
8083	5.68588479
8084	0
8085	8.41963223
8086	0
8087	0
8088	0
8089	0
8090	0
8091	0
8092	0
8093	0
8094	0
8095	0
8096	0
8097	0
8098	6.84089473
8099	0
8100	0
8101	0
8102	0
8103	38.0512378
8104	0
8105	0
8106	0
8107	11.0804359
8108	0
8109	0
8110	0
8111	0
8112	0
8113	0
8114	12.7874107
8115	0
8116	20.7459675
8117	48.0191364
8118	0
8119	0
8120	0
8121	0
8122	0
8123	0
8124	0
8125	19.1585755
8126	0
8127	0
8128	0
8129	0
8130	0
8131	13.4834643
8132	0
8133	0
8134	0
8135	9.12881974
8136	0
8137	0
8138	0
8139	0
8140	0
8141	0
8142	0
8143	0
8144	50.3765471
8145	0
8146	0
8147	12.6313466
8148	0
8149	0
8150	0
8151	0
8152	0
8153	0
8154	0
8155	0
8156	0
8157	0
8158	5.50126303
8159	0
8160	29.8536352
8161	0
8162	0
8163	0
8164	0
8165	0
8166	0
8167	0
8168	0
8169	0
8170	0
8171	0
8172	0
8173	0
8174	0
8175	0
8176	8.27141855
8177	0
8178	0
8179	0
8180	0
8181	0
8182	0
8183	0
8184	6.99066495
8185	0
8186	0
8187	0
8188	0
8189	0
8190	0
8191	0
8192	0
8193	0
8194	0
8195	12.3038547
8196	0
8197	0
8198	0
8199	0
8200	35.0255843
8201	0
8202	0
8203	0
8204	0
8205	0
8206	0
8207	0
8208	6.49251273
8209	0
8210	34.4957104
8211	0
8212	0
8213	0
8214	0
8215	0
8216	0
8217	0
8218	0
8219	0
8220	0
8221	0
8222	0
8223	0
8224	0
8225	0
8226	131.026711
8227	0
8228	0
8229	0
8230	0
8231	0
8232	0
8233	0
8234	0
8235	0
8236	0
8237	0
8238	0
8239	0
8240	0
8241	0
8242	0
8243	0
8244	0
8245	0
8246	0
8247	0
8248	0
8249	0
8250	0
8251	0
8252	0
8253	30.3260778
8254	0
8255	0
8256	0
8257	0
8258	0
8259	0
8260	0
8261	0
8262	0
8263	0
8264	0
8265	0
8266	0
8267	0
8268	0
8269	0
8270	0
8271	0
8272	0
8273	0
8274	0
8275	0
8276	0
8277	0
8278	0
8279	0
8280	0
8281	0
8282	0
8283	4.27137897
8284	0
8285	4.63126557
8286	0
8287	0
8288	0
8289	0
8290	0
8291	0
8292	0
8293	0
8294	0
8295	0
8296	0
8297	0
8298	0
8299	9.22932229
8300	0
8301	4.53956207
8302	0
8303	0
8304	0
8305	0
8306	0
8307	0
8308	0
8309	0
8310	0
8311	0
8312	0
8313	31.7654649
8314	0
8315	0
8316	22.314478
8317	0
8318	0
8319	0
8320	41.8310057
8321	0
8322	0
8323	0
8324	0
8325	0
8326	0
8327	0
8328	0
8329	0
8330	0
8331	34.470432
8332	0
8333	0
8334	0
8335	0
8336	47.5978884
8337	18.4189372
8338	0
8339	0
8340	0
8341	10.4787212
8342	0
8343	0
8344	3.86978008
8345	0
8346	0
8347	0
8348	0
8349	7.82852964
8350	0
8351	0
8352	0
8353	0
8354	0
8355	0
8356	0
8357	0
8358	0
8359	0
8360	0
8361	0
8362	0
8363	0
8364	0
8365	0
8366	0
8367	0
8368	13.0618257
8369	0
8370	0
8371	0
8372	0
8373	0
8374	0
8375	0
8376	0
8377	0
8378	0
8379	0
8380	0
8381	0
8382	0
8383	0
8384	24.7450417
8385	0
8386	0
8387	0
8388	0
8389	0
8390	0
8391	0
8392	0
8393	0
8394	0
8395	0
8396	0
8397	0
8398	0
8399	0
8400	0
8401	0
8402	0
8403	0
8404	0
8405	0
8406	17.7216294
8407	0
8408	0
8409	0
8410	0
8411	3.72449459
8412	0
8413	0
8414	0
8415	0
8416	0
8417	0
8418	0
8419	0
8420	0
8421	0
8422	0
8423	0
8424	0
8425	0
8426	0
8427	0
8428	0
8429	0
8430	0
8431	0
8432	0
8433	0
8434	0
8435	0
8436	0
8437	0
8438	0
8439	0
8440	0
8441	0
8442	0
8443	0
8444	0
8445	0
8446	0
8447	0
8448	0
8449	0
8450	0
8451	0
8452	0
8453	0
8454	0
8455	10.9255427
8456	0
8457	0
8458	0
8459	8.09380845
8460	0
8461	0
8462	0
8463	53.2574756
8464	0
8465	0
8466	0
8467	0
8468	0
8469	0
8470	0
8471	0
8472	0
8473	0
8474	0
8475	0
8476	7.58894576
8477	0
8478	0
8479	0
8480	0
8481	0
8482	0
8483	0
8484	0
8485	0
8486	0
8487	0
8488	0
8489	0
8490	0
8491	0
8492	0
8493	0
8494	0
8495	0
8496	0
8497	0
8498	0
8499	0
8500	0
8501	10.918737
8502	0
8503	0
8504	0
8505	0
8506	0
8507	0
8508	0
8509	0
8510	0
8511	0
8512	17.4013202
8513	0
8514	0
8515	0
8516	0
8517	0
8518	0
8519	0
8520	0
8521	0
8522	0
8523	0
8524	39.2559142
8525	0
8526	0
8527	0
8528	0
8529	0
8530	0
8531	0
8532	0
8533	0
8534	0
8535	0
8536	0
8537	0
8538	0
8539	0
8540	65.5431884
8541	0
8542	0
8543	0
8544	0
8545	0
8546	0
8547	0
8548	0
8549	0
8550	0
8551	0
8552	0
8553	0
8554	0
8555	0
8556	23.2555611
8557	0
8558	0
8559	0
8560	0
8561	0
8562	0
8563	0
8564	0
8565	0
8566	0
8567	0
8568	0
8569	0
8570	35.6867876
8571	51.9771208
8572	0
8573	0
8574	10.3199969
8575	0
8576	0
8577	0
8578	0
8579	0
8580	21.2014864
8581	0
8582	0
8583	0
8584	17.4212265
8585	0
8586	0
8587	61.8913018
8588	0
8589	0
8590	64.9365132
8591	49.2457212
8592	0
8593	0
8594	0
8595	0
8596	0
8597	0
8598	0
8599	20.2000328
8600	0
8601	0
8602	0
8603	0
8604	0
8605	0
8606	0
8607	0
8608	156.496053
8609	0
8610	0
8611	0
8612	0
8613	0
8614	0
8615	0
8616	0
8617	0
8618	15.9475626
8619	0
8620	0
8621	7.33904921
8622	0
8623	0
8624	0
8625	0
8626	0
8627	0
8628	0
8629	24.9231807
8630	0
8631	0
8632	0
8633	0
8634	0
8635	0
8636	0
8637	0
8638	17.3099644
8639	0
8640	0
8641	29.7761246
8642	0
8643	0
8644	0
8645	0
8646	0
8647	9.05697283
8648	0
8649	0
8650	0
8651	0
8652	0
8653	12.3324677
8654	0
8655	0
8656	0
8657	0
8658	0
8659	0
8660	8.07116904
8661	5.43551436
8662	0
8663	0
8664	0
8665	0
8666	0
8667	4.82720064
8668	0
8669	0
8670	0
8671	0
8672	0
8673	0
8674	0
8675	0
8676	0
8677	0
8678	0
8679	0
8680	0
8681	0
8682	0
8683	0
8684	0
8685	0
8686	0
8687	0
8688	0
8689	50.2931218
8690	0
8691	0
8692	12.954753
8693	0
8694	0
8695	3.57834412
8696	0
8697	0
8698	0
8699	0
8700	0
8701	0
8702	0
8703	0
8704	0
8705	0
8706	0
8707	0
8708	0
8709	0
8710	0
8711	8.53304338
8712	0
8713	0
8714	0
8715	3.8673402
8716	0
8717	0
8718	0
8719	0
8720	0
8721	0
8722	4.22412964
8723	0
8724	0
8725	0
8726	0
8727	0
8728	28.9795981
8729	0
8730	0
8731	0
8732	0
8733	0
8734	0
8735	0
8736	0
8737	0
8738	0
8739	0
8740	0
8741	0
8742	0
8743	0
8744	22.7452235
8745	0
8746	0
8747	0
8748	0
8749	0
8750	0
8751	0
8752	0
8753	10.5502573
8754	0
8755	0
8756	0
8757	0
8758	0
8759	8.65705869
8760	0
8761	0.363589073
8762	0
8763	0
8764	0
8765	0
8766	0
8767	0
8768	0
8769	0
8770	0
8771	0
8772	0
8773	0
8774	0
8775	0
8776	18.1760435
8777	0
8778	0
8779	0
8780	0
8781	0
8782	0
8783	38.7228993
8784	0
8785	0
8786	0
8787	0
8788	0
8789	0
8790	0
8791	70.8701756
8792	0
8793	14.7179472
8794	0
8795	0
8796	0
8797	2.61439714
8798	0
8799	0
8800	0
8801	0
8802	0
8803	0
8804	0
8805	0
8806	0
8807	0
8808	0
8809	23.6960934
8810	0
8811	0
8812	0
8813	0
8814	0
8815	0
8816	0
8817	0
8818	0
8819	0
8820	0
8821	0
8822	0
8823	21.3964281
8824	0
8825	0
8826	0
8827	0
8828	0
8829	0
8830	0
8831	5.58560815
8832	0
8833	0
8834	0
8835	33.0868311
8836	0
8837	0
8838	0
8839	37.7254221
8840	0
8841	0
8842	42.7183309
8843	0
8844	0
8845	0
8846	0
8847	0
8848	0
8849	21.54413
8850	0
8851	0
8852	0
8853	0
8854	0
8855	0
8856	16.0022394
8857	0
8858	0
8859	0
8860	0
8861	4.13416331
8862	0
8863	15.5465994
8864	0
8865	0
8866	0
8867	0
8868	0
8869	0
8870	0
